100
265.486
309.233
302.837
271.456
261.223
274.316
299.052
257.872
251.109
275.564
272.607
273.516
265.515
264.908
266.988
264.922
265.47
260.685
264.144
259.19
256.693
255.029
255.046
250.147
251.517
248.235
247.424
247.277
244.927
244.144
241.989
244.259
243.096
241.907
241.195
241.783
240.559
239.895
241.788
240.795
241.867
238.712
237.485
238.849
237.729
235.823
234.421
233.829
232.393
233.932
230.907
232.686
231.709
230.296
229.899
229.663
229.634
228.376
231.18
230.607
230.612
230.076
232.091
232.097
231.727
231.12
232.361
235.029
234.707
236.225
235.132
237.546
239.614
237.534
236.661
235.426
233.105
242.069
241.392
241.68
243.846
241.936
238.401
242.334
244.16
240.024
240.25
239.341
238.343
237.408
235.826
234.763
235.439
234.333
232.245
232.751
231.963
232.721
232.192
231.233
