100
1.55908
2.49033
2.01779
1.54436
2.21279
2.24045
3.497
2.742
1.54257
1.55506
2.25741
3.60722
2.81161
3.60454
2.8665
2.29489
1.5921
2.11105
2.27303
1.62735
2.92049
1.622
2.96332
1.64475
2.96779
3.76607
2.19137
2.42073
3.76964
3.05168
2.46088
3.84148
3.08157
1.7514
2.29757
2.53763
3.86959
3.1079
3.91957
3.19982
3.90306
2.41314
1.51267
2.33818
2.81741
2.37164
2.8192
2.39574
2.85177
2.3529
2.84686
2.42965
2.87899
2.4292
2.90889
2.4408
2.93164
2.45508
2.85668
2.51443
2.01065
2.53005
2.02805
2.54254
2.15656
2.4832
2.05929
2.56976
2.07803
2.601
2.08919
2.6068
2.05483
2.61617
2.13916
2.64606
2.14184
2.67195
2.13381
2.6657
2.19405
2.64473
2.16817
2.66481
2.20609
2.7777
2.23019
2.74512
2.2525
2.73442
2.25696
2.79778
2.2168
2.78618
2.27214
2.80358
2.21547
2.825
2.39172
2.83214
