100
34.0945
40.9149
48.1901
36.256
26.4098
39.5901
34.9339
26.922
35.6786
39.5393
46.535
36.7089
39.4821
46.7956
35.0766
27.37
36.6714
48.5162
36.9931
39.0855
35.8191
49.2141
36.9771
27.939
37.6544
25.6936
26.9881
26.9658
27.0064
26.9765
26.2277
26.8069
26.8926
26.4754
27.5052
27.0907
27.0546
27.0769
27.5699
27.3067
27.6686
27.2299
27.2799
27.2973
27.5106
27.8943
27.7114
27.7988
28.3887
28.0211
27.7957
27.1701
28.1152
28.0144
27.9894
28.3548
27.2464
27.1737
27.6177
26.3107
25.8855
25.6566
25.1907
25.2666
26.026
25.7918
25.9194
25.4352
25.6766
25.827
25.9921
25.8623
25.819
25.6557
25.4241
26.4874
26.205
26.528
26.4071
26.1122
26.279
26.8551
26.4754
26.3576
26.0528
25.5771
25.9988
25.4522
25.8605
26.3228
27.673
26.5334
26.6284
26.2108
26.3219
26.3464
25.6851
25.9778
25.8873
26.2656
