100
0.138773
0.102184
0.0981677
0.111554
0.0901358
0.0945979
0.0789803
0.0825501
0.0834425
0.107984
0.138327
0.261483
0.257021
0.246758
0.242296
0.236049
0.230694
0.270407
0.215523
0.206598
0.20169
0.192766
0.187411
0.179825
0.201244
0.165993
0.161084
0.153052
0.145467
0.137881
0.266391
0.255236
0.251666
0.242742
0.239172
0.229802
0.225339
0.21463
0.209722
0.20169
0.197674
0.188303
0.183841
0.177594
0.170901
0.161977
0.154837
0.159299
0.14502
0.204813
0.265499
0.256575
0.248989
0.247204
0.238726
0.22757
0.22177
0.218646
0.207045
0.286917
0.195889
0.18518
0.18161
0.171347
0.166885
0.162423
0.158853
0.144128
0.137881
0.261037
0.256575
0.248096
0.244973
0.286917
0.228463
0.220877
0.215523
0.207045
0.202136
0.193212
0.246312
0.191427
0.174471
0.16867
0.1651
0.154837
0.147251
0.140112
0.265499
0.257021
0.252559
0.241403
0.237833
0.23114
0.224001
0.215969
0.210614
0.200351
0.196335
0.18875
