100
1026.11
921.723
915.498
1049.07
1030.42
1022.68
1045.08
1024.16
1018.83
1026.74
980.499
888.187
990.087
984.269
983.235
972.562
961.466
966.997
962.707
957.589
959.338
983.744
951.215
954.854
954.726
954.4
952.68
952.986
954.344
955.765
958.713
955.752
956.609
972.184
976.416
971.397
970.344
959.832
960.288
956.949
964.126
957.271
948.852
948.636
957.426
946.233
940.758
948.147
950.212
937.199
925.015
918.827
916.757
902.048
902.484
901.565
890.419
886.806
959.974
964.416
965.778
969.777
976.887
979.731
972.76
972.094
962.954
962.148
970.593
984.639
957.548
956.32
955.731
955.468
969.76
960.744
972.197
972.16
969.924
975.832
970.526
965.782
955.652
969.442
964.187
945.466
944.999
946.641
947.099
940.396
940.381
940.049
970.622
939.518
919.309
905.127
910.756
904.689
899.704
904.728
