100
3.24667
4.43539
3.3029
4.46618
3.39125
4.49206
3.32878
4.58711
3.32476
4.54918
5.26803
3.82274
3.36269
3.83032
3.42739
4.52374
5.15603
4.49697
3.74331
3.62997
3.74554
4.82182
3.35555
3.19134
3.18866
3.18286
3.19
3.18866
3.18777
3.20384
3.18108
3.18688
3.19268
3.25381
3.19313
3.19536
3.18465
3.2025
3.18911
3.18063
3.19134
3.18643
3.20919
3.18331
3.21365
3.19803
3.19803
3.19223
3.20562
3.21231
3.33279
3.19625
3.64024
3.19268
3.26095
3.71118
3.25604
3.20116
3.34439
3.19
3.19179
3.18242
3.18777
3.18911
3.18822
3.18019
3.30691
3.25069
3.20651
3.19313
3.18509
3.19
3.18509
3.21588
3.20116
3.19045
3.18688
3.18688
3.19714
3.18108
3.19357
3.20428
3.19268
3.19313
3.20428
3.18777
3.2141
3.2257
3.19803
3.18509
3.20562
3.18465
3.19179
3.21588
3.1909
3.19179
3.2083
3.21454
3.1958
3.20071
