100
274.43
324.012
310.725
277.881
270.784
285.249
300.198
266.111
257.141
281.311
280.263
279.613
280.444
280.631
278.116
276.832
278.436
275.763
273.181
271.941
270.321
268.369
265.822
263.55
262.098
260.271
259.955
258.194
256.856
255.969
256.402
254.824
255.312
253.905
252.071
253.035
252.991
252.638
252.143
251.807
251.594
250.507
250.047
249.892
249.154
248.764
246.449
244.52
244.25
250.629
243.744
242.623
242.667
242.317
243
242.972
241.139
241.056
240.72
240.946
242.353
241.826
241.645
241.523
242.406
243.379
243.958
245.116
245.429
245.784
247.884
249.242
249.108
248.188
247.936
246.519
246.043
252.682
252.199
252.986
252.476
252.689
251.964
254.619
252.049
251.581
250.921
250.404
249.498
248.947
246.924
245.773
246.022
244.292
243.509
242.4
242.726
243.064
242.464
241.8
