100
1069.39
970.544
964.428
1094.46
1069.85
1064.65
1086.68
1063.1
1062.97
1071.45
1020.19
927.766
1033.43
1026.21
1018.63
1009.16
1000.95
1000.47
1000.37
998.286
996.56
994.543
992.769
991.858
990.169
990.728
989.387
988.683
988.97
993.572
991.99
994.731
995.604
998.478
999.884
999.502
997.757
993.233
993.834
989.747
989.039
986.681
985.835
983.948
984.219
983.649
982.601
980.715
975.067
968.387
965.417
957.8
950.299
945.525
942.127
936.559
932.499
930.38
1022.18
1002.18
1004.01
1000.66
1000.41
999.085
997.677
1000.88
993.583
991.376
991.019
990.494
989.091
991.334
991.809
992.815
992.064
994.039
995.925
998.208
1000.11
998.053
997.161
993.532
992.45
989.777
988.283
988.122
984.887
985.324
983.201
985.742
984.263
982.503
974.579
969.38
961.651
953.171
951.128
946.372
941.952
934.542
