100
0.16867
0.221323
0.142789
0.128064
0.11914
0.112447
0.167331
0.182503
0.19812
0.115124
0.199905
0.116016
0.197674
0.200797
0.118247
0.13922
0.12271
0.116909
0.114231
0.117355
0.118247
0.118247
0.11557
0.114678
0.114678
0.116463
0.117355
0.11557
0.11557
0.11557
0.158853
0.183841
0.131188
0.116909
0.114231
0.115124
0.114231
0.236495
0.117355
0.116909
0.113339
0.114231
0.116016
0.16153
0.115124
0.116909
0.16867
0.115124
0.11557
0.15573
0.166885
0.11557
0.114678
0.116016
0.119586
0.119586
0.201244
0.190534
0.126726
0.117355
0.190088
0.178487
0.180272
0.182949
0.116909
0.146359
0.115124
0.168224
0.169116
0.1651
0.163761
0.152606
0.161084
0.156622
0.167777
0.113785
0.165546
0.164654
0.116463
0.166885
0.163315
0.170455
0.164654
0.118694
0.171347
0.160192
0.166885
0.1651
0.15573
0.158853
0.157068
0.159299
0.157068
0.117801
0.114231
0.114678
0.114231
0.11557
0.167777
0.113785
