100
71.7922
84.7789
84.496
84.8097
75.631
62.3017
75.602
83.5135
75.2906
75.4552
72.8699
62.5636
62.6546
62.2115
61.9304
61.8162
77.5819
75.5382
74.8926
74.7694
74.7667
75.876
74.7475
75.0362
74.7507
75.1308
75.1955
76.5538
79.5176
77.1419
74.677
75.3495
74.4044
73.9127
73.5276
73.1188
73.4093
73.4423
71.9895
71.5812
70.7137
70.5254
70.1234
69.0489
68.314
67.8455
67.0079
66.5693
66.464
65.5166
65.435
64.7715
64.5787
64.095
65.8437
63.3552
63.0254
63.1214
62.685
62.9255
62.3333
62.3838
75.0237
75.7328
74.4205
75.2549
74.7792
75.8372
74.5918
74.6578
74.8283
74.7069
74.7011
75.1179
75.0768
74.9251
74.6248
74.4405
74.4182
74.5476
75.0166
74.7114
74.0929
73.8948
73.7177
73.5075
73.3652
72.4866
72.6811
72.5513
71.6151
70.7186
71.2247
69.9302
69.5277
68.5143
67.9628
67.4028
66.8923
66.4162
