100
0.195889
0.237387
0.206152
0.120032
0.115124
0.107984
0.12271
0.194104
0.145913
0.127172
0.108877
0.109769
0.110216
0.109323
0.111108
0.132973
0.110662
0.110662
0.109769
0.110662
0.111108
0.111554
0.110662
0.109769
0.109769
0.111108
0.111108
0.111554
0.111554
0.111108
0.110216
0.110216
0.159746
0.109769
0.111108
0.111554
0.110216
0.110216
0.110216
0.111554
0.112
0.111108
0.109323
0.110216
0.111108
0.161084
0.111108
0.110662
0.109769
0.109769
0.110216
0.110662
0.112893
0.111554
0.110662
0.111108
0.110216
0.110216
0.112
0.18161
0.111108
0.111108
0.110216
0.109323
0.111108
0.111108
0.147251
0.120032
0.118694
0.112
0.110662
0.111554
0.112447
0.111554
0.114678
0.113339
0.112
0.111108
0.110216
0.110216
0.115124
0.110216
0.109769
0.109323
0.109769
0.109323
0.109323
0.110662
0.110216
0.109769
0.110216
0.109769
0.111108
0.111108
0.110662
0.109323
0.109323
0.108877
0.108877
0.109323
