100
1034.76
927.114
917.532
1044.5
1020.58
1021.42
1038.07
1018.61
1016.22
1020.85
971.849
887.155
987.684
983.23
972.631
963.461
957.088
957.07
958.006
956.201
957.215
952.646
950.074
948.758
948.473
946.289
944.641
947.996
952.458
952.163
950.832
949.961
950.45
950.516
954.045
958.21
956.974
953.777
956.735
940.057
945.682
939.748
947.014
939.767
938.982
938.276
938.583
937.063
945.239
926.505
915.447
912.679
909.63
901.826
902.104
891.123
886.615
888.446
955.504
956.326
957.605
955.948
958.73
956.124
954.358
953.326
947.995
955.928
949.169
949.536
947.045
946.951
947.805
946.438
947.745
946.864
952.322
958.526
959.116
961.261
952.849
954.186
947.039
943.281
945.666
942.65
946.559
939.547
938.613
937.455
939.699
943.162
927.748
923.896
917.806
901.723
933.964
911.305
901.635
890.618
