100
88.3496
81.4934
82.2043
82.4809
74.5472
60.0206
75.0858
82.9053
75.2344
73.0189
69.9436
59.5298
60.6239
60.5346
60.2575
59.4445
71.0033
73.9542
70.8418
72.1349
72.0881
74.2152
72.512
73.6351
72.8623
73.0907
73.3946
73.0916
72.4553
73.1113
73.0849
73.1657
72.9087
71.9337
71.3139
71.8034
70.4134
69.4251
69.0592
68.1453
67.7468
67.132
67.3939
67.9494
66.9401
64.219
64.3949
66.7817
65.8808
65.4814
62.4846
61.7608
61.6448
61.805
61.0982
59.6181
60.805
59.6181
60.847
59.5347
59.959
60.5355
70.6861
71.6262
72.0345
73.2045
72.6311
72.7413
72.3545
72.939
71.2996
71.0493
70.9279
84.3742
73.3263
71.3817
70.8583
70.8222
70.6468
71.1301
70.6763
71.6231
72.1586
69.8655
72.2166
69.1712
70.9694
70.2564
71.4375
69.9752
70.0435
68.5398
68.8954
66.8767
67.8307
67.5197
66.5403
65.24
65.1204
64.6943
