100
262.652
312.855
298.245
271.474
259.655
277.601
294.476
253.466
249.874
271.948
275.166
267.327
266.174
266.171
268.454
262.869
269.66
268.99
269.829
265.642
258.39
255.774
263.485
251.319
249.182
253.38
250.897
248.204
250.863
249.21
249.552
247.597
249.177
245.491
239.972
241.621
243.837
240.081
241.058
245.645
243.893
239.589
242.669
243.568
239.187
241.973
238.128
233.724
238.065
228.939
230.786
230.849
229.549
232.364
231.377
234.452
234.644
231.759
229.659
233.677
235.066
230.637
231.095
230.01
231.55
233.033
234.426
234.025
233.975
239.92
237.695
238.799
241.071
236.08
235.911
234.27
234.35
239.881
242.39
240.585
241.373
242.39
241.272
241.08
242.441
239.263
237.703
242.487
236.658
241.091
238.551
232.255
236.126
234.531
231.658
232.794
229.533
230.641
230.99
232.896
