100
3.16278
4.36311
3.20651
7.09841
3.2672
4.43316
3.45863
4.36846
3.27077
4.39613
5.06902
3.79686
3.21678
3.78169
3.21678
4.45503
5.11275
4.42022
3.69378
3.5858
3.72011
4.72722
3.33145
3.48897
3.25158
3.13958
3.38545
3.12798
3.18688
3.05212
3.17439
3.11638
3.14761
3.14092
3.06194
3.29665
3.05614
3.07042
3.13646
3.161
3.04944
3.12129
3.14717
3.10924
3.07309
3.13199
3.12129
3.17795
3.28996
3.37429
3.12976
3.13333
3.16725
3.1726
3.1436
3.15341
3.14449
3.16323
3.14226
3.15743
3.13556
3.13869
3.14181
3.13378
3.13735
3.1485
3.13646
3.14717
3.1369
3.08827
3.13066
3.17439
3.13556
3.13512
3.02401
3.14047
3.07845
3.13066
3.12575
3.13333
3.13556
3.11281
3.11325
3.13824
3.13601
3.13556
3.16144
3.25024
3.1427
3.17572
3.21231
3.1369
3.1369
3.14003
3.22793
3.13556
3.13913
3.15921
3.13467
3.12976
