100
4.23593
3.21945
5.97618
3.14047
4.45235
3.21767
4.32785
3.17126
4.44432
5.08196
3.62997
3.15431
3.60989
3.13869
4.36846
5.02485
4.35195
3.40285
3.50459
3.43765
4.44209
3.13556
3.11102
3.14003
3.11459
3.10834
3.10745
3.12842
3.12709
3.12218
3.10924
3.10656
3.10522
3.10924
3.11638
3.11281
3.15341
3.17394
3.16278
3.24176
3.11236
3.15252
3.12039
3.11727
3.11191
3.12485
3.15074
3.14226
3.13913
3.10968
3.10968
3.14806
3.10968
3.11593
3.10879
3.11013
3.11013
3.10611
3.10611
3.1079
3.12887
3.11013
3.13869
3.11191
3.12709
3.10656
3.11013
3.13155
3.12396
3.14717
3.12575
3.11638
3.12709
3.11325
3.14047
3.17439
3.16501
3.1253
3.16903
3.1137
3.1436
3.11147
3.1253
3.14493
3.13333
3.13021
3.11281
3.12709
3.14761
3.11325
3.14404
3.14315
3.10567
3.13378
3.1427
3.12485
3.10701
3.11102
3.11013
3.11147
