100
0.207491
0.168224
0.137435
0.128064
0.19812
0.131188
0.121371
0.163761
0.123602
0.176256
0.120032
0.11914
0.126279
0.122263
0.232925
0.184287
0.219539
0.187857
0.128957
0.160638
0.198566
0.187411
0.119586
0.121817
0.126726
0.122263
0.135204
0.121817
0.169562
0.125833
0.11914
0.180718
0.120478
0.11914
0.167777
0.121371
0.120478
0.121817
0.120478
0.119586
0.120032
0.120925
0.173578
0.166439
0.185626
0.205706
0.176702
0.134757
0.122263
0.126279
0.136096
0.129403
0.171793
0.120478
0.120925
0.120478
0.128957
0.121817
0.11914
0.120925
0.184287
0.160638
0.171793
0.122263
0.121371
0.13208
0.11914
0.157068
0.124941
0.120478
0.120925
0.173578
0.121817
0.11914
0.120032
0.118694
0.120032
0.120478
0.118694
0.118247
0.202136
0.120032
0.118694
0.11914
0.118694
0.15573
0.119586
0.163315
0.119586
0.160192
0.119586
0.11914
0.120478
0.119586
0.120478
0.119586
0.120478
0.120478
0.120032
0.120925
