100
387.341
300.433
297.403
295.88
332.97
296.373
296.341
296.226
326.472
303.662
295.126
295.779
319.434
308.543
298.956
289.044
312.024
330.2
313.842
298.282
282.248
282.13
304.063
281.71
281.351
309.319
280.532
280.444
280.813
316.164
281.111
282.746
321.377
285.002
287.35
326.477
325.477
326.119
290.374
291.094
289.179
289.996
290.424
290.894
286.411
284.129
290.504
282.778
282.823
284.555
281.993
281.75
290.564
282.346
308.021
280.973
293.063
281.302
280.065
281.204
279.624
278.601
279.019
293.353
276.948
293.856
278.683
294.59
280.541
282.545
292.592
286.446
287.437
293.258
287.649
287.903
287.394
288.07
287.336
289.545
288.405
288.824
287.637
288.823
289.555
289.338
290.262
290.278
288.395
286.177
283.67
284.971
284.33
281.861
281.992
282.273
283.15
282.581
281.441
281.821
