100
938.385
1099.25
1100.19
944.412
947.789
1079.46
1068.07
1058.65
1048.79
1040.62
1031.31
1024.34
1016.05
1007.64
998.91
998.91
999.154
1000.87
1003.78
996.172
995.01
995.231
994.947
994.04
992.265
992.306
990.938
989.456
988.493
990.068
991.996
994.26
996.668
998.059
998.383
994.547
991.793
988.941
992.954
985.54
985.021
983.954
982.689
987.635
1008.65
977.568
972.936
963.961
959.54
952.657
948.882
942.442
939.59
933.785
930.709
926.057
1000.98
1000.11
1001.16
999.896
1003.18
1003.51
1004.88
998.26
996.681
996.272
995.01
995.679
993.941
992.732
990.395
990.83
988.801
994.358
994.678
995.69
998.216
998.748
999.153
996.303
993.512
991.496
990.235
989.301
985.809
982.868
985.087
983.972
983.361
981.205
975.52
967.767
961.522
956.128
951.216
944.311
941.541
948.906
931.34
927.186
