100
1116.63
1278.99
1280.46
1121.55
1124.44
1255.7
1248.1
1239.91
1227.25
1217.68
1208.11
1201.07
1193.09
1191.35
1178.36
1180.26
1179.96
1180.1
1181.15
1176.1
1174.08
1179.36
1174.6
1173.22
1175.85
1177.62
1175.8
1169.76
1166.47
1170.37
1173.74
1174.38
1179.43
1180.36
1179.79
1175.31
1188.48
1174.62
1171.82
1164.11
1166.83
1162.7
1165.31
1161.09
1161.57
1157.81
1151.42
1146.52
1141.37
1135.77
1132.57
1124.4
1118.05
1116.45
1109.45
1110.82
1190.65
1184.05
1208.49
1181.73
1182.33
1181.38
1180.52
1184.03
1178.45
1182.42
1174.47
1176.48
1175.85
1176.62
1171.33
1171.92
1169.76
1170.78
1174.54
1184.75
1180.78
1199.84
1182.91
1183.32
1177.54
1189.51
1173.54
1178.84
1166.68
1181.68
1165.55
1166.96
1166.5
1163.59
1157.46
1146.64
1144.84
1133.01
1128.15
1122.61
1117.31
1113.48
1110.22
1108.6
