100
4.39836
3.4265
4.4876
3.22927
6.35368
3.22347
6.78428
3.22525
4.37515
5.08196
3.68843
3.2315
3.72011
3.23998
4.47555
5.09892
6.39116
3.47112
5.47017
3.60275
4.52553
3.20607
3.24935
3.2547
3.22972
3.25337
3.40731
3.23016
3.23329
3.19
3.74822
3.21053
3.21588
3.19313
3.27434
3.26318
3.25426
3.24533
3.23373
3.23596
3.31941
3.18643
3.18822
3.21901
3.23329
3.21633
3.27568
3.22838
3.18822
3.1842
3.18376
3.23864
3.22213
3.2431
3.19313
3.19402
3.19625
3.1958
3.20919
3.20696
3.21097
3.28862
3.26943
3.22748
3.26363
3.23953
3.27523
3.23329
3.2614
3.23686
3.23373
3.19313
3.18777
3.21008
3.2199
3.31807
3.2431
3.5443
3.23418
3.2556
3.3377
3.24935
3.19625
3.32521
3.22168
3.24801
3.28817
3.24756
3.24712
3.2083
3.23329
3.21276
3.21499
3.27121
3.2199
3.24846
3.1909
3.18599
3.18733
3.2257
