100
0.153052
0.150375
0.13208
0.135204
0.127172
0.130295
0.136542
0.133419
0.130741
0.130295
0.129849
0.128957
0.132973
0.126726
0.153499
0.12851
0.127172
0.127172
0.13565
0.12851
0.127618
0.126279
0.128064
0.128957
0.131188
0.129849
0.127172
0.126726
0.125833
0.127172
0.13208
0.126279
0.127618
0.12851
0.126726
0.125833
0.135204
0.149036
0.126726
0.126279
0.128064
0.126726
0.128064
0.129849
0.127618
0.126726
0.126279
0.161977
0.12851
0.130295
0.127618
0.128064
0.12851
0.127172
0.130295
0.12851
0.13208
0.131188
0.129403
0.130741
0.203475
0.181164
0.208383
0.178933
0.138327
0.176702
0.176702
0.133865
0.178487
0.131634
0.180272
0.131634
0.128957
0.128064
0.128064
0.12851
0.198566
0.175809
0.130741
0.19455
0.180718
0.18161
0.173132
0.176256
0.131188
0.12851
0.128957
0.129849
0.12851
0.128064
0.179825
0.171347
0.130741
0.128957
0.129403
0.129403
0.128064
0.128064
0.146359
0.129849
