100
109.006
81.1088
93.5355
82.0691
82.31
94.4489
72.8284
79.0468
109.521
108.804
81.5934
82.5443
81.6929
72.8703
73.0059
82.3823
82.8191
83.3533
83.1395
82.986
83.082
82.6166
89.3156
83.5661
83.5616
83.6897
84.4349
83.9525
83.8338
83.8637
84.2421
84.189
84.8111
84.8097
84.7646
85.1395
84.4518
83.368
82.75
81.7
81.107
79.7715
79.2186
78.3976
78.5555
77.9295
77.1169
77.2459
76.9456
76.154
75.8608
75.8211
75.4615
75.0661
74.1835
73.852
73.5856
73.1916
72.898
73.2036
72.964
82.5313
82.7411
82.3872
82.9677
82.8669
82.8803
82.5898
82.4689
82.5666
82.4778
82.5693
82.5679
82.6255
83.0387
82.2279
82.111
81.8348
82.2877
82.5072
83.3524
83.3899
83.6835
84.1511
85.0011
84.4648
84.8423
85.3171
84.4041
83.882
83.5554
82.4059
81.4546
80.3212
79.4922
78.3248
77.7831
78.3597
77.7961
76.7385
