100
0.129403
0.138773
0.135204
0.122263
0.116463
0.11557
0.116909
0.11557
0.194997
0.11557
0.113785
0.114678
0.115124
0.118247
0.146805
0.200351
0.11557
0.116016
0.116016
0.11557
0.116463
0.115124
0.11557
0.114678
0.116463
0.114678
0.114231
0.115124
0.138773
0.115124
0.115124
0.122263
0.116016
0.11557
0.114231
0.118694
0.115124
0.133419
0.114231
0.113339
0.116463
0.125387
0.124494
0.162423
0.120032
0.114231
0.114678
0.113785
0.116909
0.116909
0.124494
0.120032
0.114678
0.114231
0.117355
0.114231
0.190534
0.162869
0.115124
0.213292
0.199905
0.120478
0.117355
0.133419
0.122263
0.118247
0.117801
0.116463
0.115124
0.114231
0.113339
0.116016
0.151267
0.160192
0.116463
0.11557
0.11557
0.114678
0.116016
0.114678
0.115124
0.117355
0.114678
0.117801
0.11557
0.114678
0.113785
0.116463
0.114231
0.115124
0.118247
0.116016
0.150375
0.152606
0.157961
0.151714
0.154391
0.151714
0.15573
0.155283
