100
915.201
1072.67
1074.78
924.783
921.71
1051.55
1042
1032.08
1022.66
1014.24
1004.31
998.277
988.437
983.45
975.863
975.789
976.376
978.143
976.193
973.117
971.785
970.512
974.295
968.821
968.973
969.272
967.877
967.127
964.602
969.96
971.329
971.493
974.615
975.526
973.126
970.768
968.183
964.621
964.338
962.233
961.426
959.056
958.847
958.512
958.405
954.788
949.009
942.596
936.834
931.914
927.158
919.54
916.157
910.536
899.373
903.517
976.086
975.401
975.146
975.67
975.782
975.419
976.401
972.424
972.274
969.875
970.591
970.825
970.447
967.195
970.334
966.575
969.205
967.474
969.169
995.308
976.195
975.895
974.846
970.38
969.56
964.835
964.424
962.028
961.533
959.781
960.912
960.468
959.853
955.983
948.922
942.766
935.85
919.428
926.61
920.395
920.533
912.016
908.268
905.847
