100
96.7273
68.9954
82.3457
69.7526
70.4192
82.6991
60.872
66.7803
96.252
104.365
70.7035
70.1176
69.8235
61.2874
60.8742
70.7744
70.649
70.7543
70.8141
70.9101
70.7128
70.9917
70.7896
70.9467
70.9592
71.2193
71.2804
71.4826
71.6106
71.9158
72.4932
72.4027
72.6316
72.4201
72.6472
73.0332
72.2853
71.7606
70.6151
69.6839
68.7361
68.2823
67.0231
65.9722
65.4934
65.5238
64.9647
64.7072
64.4038
64.112
64.4198
63.4948
63.4997
63.0285
62.5935
62.3025
61.9987
61.6145
61.5516
61.2749
61.4159
70.612
70.7945
70.6905
70.7802
70.5941
70.7771
70.6049
70.6945
71.0261
71.0462
71.0015
71.151
70.9489
70.6838
70.8802
70.4224
70.5781
70.5883
70.9636
71.2233
71.1506
71.4344
71.9011
71.923
72.2643
72.4928
72.9346
72.6985
71.9645
71.1751
70.0868
69.1783
68.5888
67.4367
67.5121
65.7134
65.9526
65.2471
64.8897
