100
4.80531
3.72234
4.86108
3.73528
5.62456
3.71029
4.84413
3.71654
4.89678
5.57101
4.21228
3.73662
4.28323
3.73082
4.90704
5.65758
4.9423
4.18239
4.26092
4.08244
5.07616
3.79552
3.73528
3.73483
3.76027
3.71609
3.73617
3.73662
3.74019
3.74777
3.83969
3.75134
3.84773
3.74867
3.73573
3.72859
3.73662
3.73349
3.82898
3.7393
3.72992
3.73573
3.74286
3.73216
3.89413
3.74599
3.73126
3.77722
3.77856
3.76651
3.76607
3.77455
3.73662
3.73349
3.87271
3.90306
3.83211
3.80801
3.76027
3.74242
3.76785
3.73796
3.83122
3.74867
3.74376
3.73216
3.79596
3.80667
3.77678
3.81604
3.74688
3.71074
3.70851
3.71341
3.69601
3.81738
3.71609
3.71029
3.69914
3.83479
3.70984
3.71654
3.77767
3.71565
3.70271
3.71431
3.86914
3.75
3.75893
3.75357
3.75179
3.69869
3.69958
3.70315
3.71208
3.75625
3.79329
3.78169
3.83657
3.69423
