100
95.742
67.8178
80.2253
69.7155
69.3604
81.6237
59.0835
65.3721
95.2369
95.4332
68.2136
69.0543
71.7186
59.6172
60.6676
70.3117
69.7727
69.8789
69.3929
69.6303
69.7423
69.3671
69.2742
69.7008
70.2309
69.5188
70.0578
70.4219
70.5089
70.8503
70.7035
70.8989
71.1189
70.919
71.7458
71.3549
71.1907
70.122
69.1551
68.7615
67.8008
66.4524
65.6425
64.916
64.8701
64.037
63.8054
63.431
63.2383
63.2347
62.6626
62.2213
62.5252
72.6338
61.3075
62.5319
60.8573
60.3164
59.2312
59.4874
59.5275
69.3175
69.3184
69.2028
69.197
69.6129
69.1154
69.3461
69.2211
69.3604
69.5228
69.4759
69.363
69.7044
69.5531
69.384
69.4041
69.1132
69.3595
69.5116
69.6566
70.1827
70.089
70.409
70.2827
71.1796
70.8757
71.6066
71.7757
70.4433
69.6459
68.6183
67.7638
66.771
65.9008
64.9406
64.56
64.3328
64.0718
63.4154
