100
342.227
248.424
248.948
249.369
286.795
249.186
249.802
249.736
280.751
249.174
250.524
248.131
274.629
262.334
252.531
242.287
265.364
287.148
267.878
251.738
236.246
235.703
257.699
234.984
234.848
262.374
233.571
232.916
233.237
269.335
235.958
236.155
275.33
238.794
240.383
280.837
279.799
280.831
243.13
242.62
243.025
243.719
243.443
243.889
240.718
237.999
245.077
236.621
235.697
235.373
235.918
236.459
244.929
235.319
245.387
234.721
245.599
233.446
233.4
232.985
233.161
232.475
231.815
247.475
230.54
247.105
232.237
246.969
236.132
236.115
245.418
238.936
243.287
247.259
240.882
241.409
241.49
242.043
242.109
241.922
244.524
241.954
241.307
242.119
243.233
242.827
243.891
243.446
242.617
240.305
238.45
237.009
237.802
236.514
235.394
237.275
236.906
236.411
235.34
235.667
