100
334.911
244.075
244.464
244.002
282.602
244.816
244.555
244.765
275.491
244.131
245.036
245.017
269.005
257.066
246.853
236.696
262.034
279.385
262.462
246.214
230.706
230.569
252.312
229.087
228.079
257.4
234.103
227.813
227.649
264.637
229.243
230.431
268.614
232.651
234.763
275.207
275.291
274.673
237.668
236.493
237.338
237.315
237.902
238.368
234.337
232.842
238.828
231.065
230.609
230.613
230.847
230.417
239.376
230.205
240.832
228.782
240.3
228.658
228.809
228.36
227.384
227.013
226.403
241.236
225.937
241.215
227.153
241.221
230.34
230.272
239.884
234.104
233.888
241.125
236.438
236.399
238.056
236.413
236.276
236.572
235.891
236.296
237.012
236.446
237.156
237.304
247.502
237.435
235.519
234.079
232.375
230.701
230.892
230.238
229.892
230.213
230.106
229.744
229.853
228.948
