100
1.06289
1.062
1.05753
1.0553
1.05798
1.05843
1.06066
1.05396
1.05173
1.06244
1.37301
1.09457
1.05664
1.062
1.35962
1.05486
1.0553
1.04549
1.10929
1.07226
1.10751
1.05664
1.05039
1.08921
1.05575
1.091
1.52606
1.05307
1.0553
1.05396
1.05887
1.09502
1.05263
1.0611
1.10929
1.05307
1.05619
1.05084
1.06021
1.06869
1.05307
1.05218
1.05263
1.05352
1.05084
1.05263
1.07672
1.05129
1.05664
1.05218
1.05173
1.05486
1.05932
1.0727
1.0794
1.0727
1.07538
1.05173
1.06735
1.05307
1.0669
1.06824
1.15347
1.08431
1.05664
1.05307
1.07494
1.06869
1.05976
1.05575
1.05352
1.05396
1.09591
1.05709
1.05396
1.05441
1.05486
1.05084
1.05441
1.05352
1.05441
1.05084
1.05396
1.05173
1.05173
1.11822
1.08609
1.05129
1.05173
1.05039
1.05843
1.05352
1.12536
1.05129
1.05753
1.05664
1.05129
1.05173
1.06289
1.05039
