100
25.5704
25.4584
25.4816
25.6289
25.3951
25.466
25.491
25.3835
25.4272
25.4517
25.4799
25.5383
25.4535
25.5191
25.7355
25.5321
25.3308
25.4424
25.4312
25.454
25.5566
25.6606
25.5098
25.4294
25.5646
25.4982
25.5896
25.6338
25.4678
25.3897
25.387
25.379
25.4723
25.5115
25.5343
25.5013
25.5066
25.4076
25.5356
25.6445
25.5254
25.6467
25.5539
25.5887
25.3594
25.4433
25.5053
25.5441
25.4245
25.6387
25.7007
25.6262
25.935
25.562
25.5263
27.0318
25.5642
25.429
25.5593
25.3072
25.7516
25.6539
25.4727
25.7431
25.4192
25.4196
25.4883
25.4285
25.4428
25.4045
25.7382
25.47
25.5352
25.3754
25.3982
25.4357
25.5303
25.4758
25.454
25.4236
25.4241
25.4638
25.4571
25.3768
25.6168
25.4821
25.4401
25.5294
25.4169
25.4071
25.4312
25.4946
25.4986
25.4924
25.5696
25.3496
25.4384
25.6351
25.3464
25.4808
