100
405.685
405.482
406.281
405.805
405.784
405.125
408.557
406.201
409.692
404.927
406.401
406.064
411.761
406.275
405.6
405.977
405.797
406.2
405.614
405.345
406.283
406.394
406.257
405.925
406.528
405.772
405.5
405.69
405.859
405.82
406.337
406.551
405.965
405.367
405.776
405.574
405.54
406.459
406.184
407.48
406.395
406.147
405.284
405.344
405.55
405.486
405.212
430.723
407.386
406.238
406.143
410.137
407.018
405.338
406.917
405.356
405.628
405.275
405.463
405.186
408.221
405.986
406.014
405.387
405.506
404.772
405.247
405.903
405.798
405.521
406.267
406.136
407.411
405.634
405.029
407.131
406.557
405.237
405.424
407.696
405.434
405.517
405.882
407.062
405.933
407.771
405.62
405.831
406.729
405.983
406.657
406.589
407.333
406.157
405.991
405.913
406.735
405.087
406.24
405.488
