100
101.357
101.464
101.485
101.957
102.273
102.372
101.99
101.371
102.795
102.449
101.521
101.383
101.513
101.516
101.402
101.428
101.85
101.52
101.708
101.751
103.345
101.637
101.635
101.485
101.846
101.5
101.5
102.118
101.42
102.403
101.351
101.73
101.512
101.466
101.223
101.667
101.553
102.088
101.383
101.772
101.553
101.389
101.752
101.318
101.836
101.582
101.333
101.359
101.946
101.464
101.429
101.52
101.787
101.452
101.493
101.368
103.441
101.413
101.292
101.313
101.633
101.886
101.648
101.811
101.674
101.376
101.821
101.344
101.713
101.383
101.22
101.362
101.637
101.942
101.357
101.444
101.263
101.363
101.412
101.454
101.526
101.745
102.007
101.45
101.503
101.264
101.519
101.839
101.589
101.724
101.428
101.783
101.572
101.595
101.441
101.448
101.396
101.578
102.126
102.758
