100
26.7824
25.9587
26.3228
26.1786
26.3344
25.769
27.4611
27.5682
26.4397
26.1786
25.9711
26.0649
27.3428
25.8226
26.2652
25.8859
25.7846
25.852
26.5655
25.9408
26.0332
26.0149
26.3071
26.5245
25.9917
25.8801
26.4009
25.8806
26.0037
26.2036
26.0983
25.8471
25.9412
26.03
25.8699
25.956
26.0073
26.7128
26.5039
25.96
26.6222
26.1925
26.3536
26.1715
26.3982
26.487
25.8841
26.8904
26.1465
26.7083
26.4593
26.2897
26.3647
27.6043
26.0858
26.1519
25.9475
26.4205
26.2429
26.3281
27.8854
26.2143
26.404
26.5329
26.3129
26.3451
26.238
26.6266
27.1349
26.0711
26.084
26.773
26.8685
25.8734
26.3482
26.8569
26.308
26.5204
26.383
26.4888
26.2496
26.3991
26.3205
27.0376
26.9443
26.4776
26.0988
26.0126
26.5816
26.1394
26.1876
26.2233
26.3455
25.9328
26.4477
26.1318
26.5133
26.8011
27.2893
26.1032
