100
3.78883
2.46847
2.35022
2.39038
2.32613
2.76297
2.42028
2.34487
2.33951
2.3712
2.31943
2.36272
2.3355
2.37343
2.52871
2.36673
2.46579
2.4649
2.45776
2.34041
2.4359
2.4649
2.44794
2.38681
2.43813
2.35736
2.38904
2.31943
2.4765
2.33907
2.39172
2.35558
2.50015
2.35513
2.48989
2.47472
2.33996
2.46758
2.34219
2.56575
2.3413
2.43143
2.31765
2.38904
2.33193
2.37833
2.32345
2.3761
2.37164
2.40823
2.28731
2.36138
2.25072
2.35825
2.41225
2.38771
2.39931
2.38057
2.40422
2.37744
2.37833
2.38324
2.43679
2.35513
2.43813
2.33639
2.38637
2.32613
2.39931
2.36673
2.52023
2.49123
2.61661
2.31229
2.34888
2.39395
2.34576
2.40868
2.3886
2.39261
2.34844
2.42474
2.32211
2.38949
2.48052
2.35647
2.36049
2.44036
2.38726
2.35647
2.29578
2.33996
2.33773
2.37923
2.27838
2.40154
2.69649
2.39083
2.49078
2.38815
