100
0.209722
0.526982
0.318599
0.296288
0.306997
0.282009
0.333324
0.293611
0.28067
0.259698
0.26773
0.258806
0.37036
0.33734
0.210168
0.316814
0.406057
0.479237
0.365898
0.349834
0.387316
0.282901
0.283794
0.329308
0.317706
0.340017
0.259252
0.257021
0.225786
0.261483
0.319491
0.480129
0.307443
0.301642
0.346264
0.28781
0.28424
0.401595
0.328862
0.269961
0.283794
0.316368
0.260144
0.256128
0.202136
0.306997
0.310567
0.308782
0.30075
0.349388
0.331985
0.348495
0.327077
0.314136
0.328415
0.323061
0.302089
0.301196
0.4364
0.213738
0.359204
0.309674
0.316368
0.296734
0.30075
0.290487
0.291826
0.288702
0.467635
0.310567
0.276208
0.256128
0.421228
0.431045
0.207937
0.373483
0.536352
0.310567
0.305212
0.292272
0.296734
0.275316
0.285579
0.281563
0.274869
0.261037
0.268176
0.257467
0.255682
0.345372
0.356973
0.309228
0.305658
0.338678
0.33734
0.327969
0.323507
0.329308
0.322615
0.313244
