100
53.6161
55.0939
54.2898
53.704
54.6401
54.9578
53.8401
53.2769
53.4518
54.2916
53.9909
54.7343
54.9328
54.1412
53.4924
53.787
54.9226
54.2582
54.8057
53.9003
54.1221
53.4576
53.513
54.5241
53.6977
54.3179
54.1399
54.3541
57.1037
54.1917
54.7793
54.5379
53.6607
54.1122
54.1163
53.5473
54.7057
53.8258
54.4152
53.8195
56.9038
53.9788
53.4884
54.1185
56.097
53.5621
54.5344
54.3777
53.3184
54.28
53.6201
53.7847
54.4433
53.2568
54.006
55.5049
54.4576
54.8704
54.0453
53.919
53.828
53.2336
54.4951
54.62
53.9498
54.4018
53.455
53.5527
55.7829
53.4603
53.4782
53.9364
53.733
53.6799
53.9793
54.649
53.3488
53.3912
53.7468
53.882
53.6522
54.0658
54.1582
54.5286
53.5705
54.0435
54.4299
54.1841
66.0548
55.3536
54.0261
53.5772
54.0069
53.5103
53.4501
53.6709
54.1421
54.098
54.3023
53.4576
