100
12.5373
12.4619
12.7373
14.1366
12.7377
12.8211
12.6891
12.5025
12.4749
12.6668
12.5739
12.5954
12.71
12.5124
12.5976
12.7587
12.5503
12.7288
12.9189
12.6038
12.5637
12.5088
12.8359
12.5525
13.0545
12.5713
12.9309
12.5034
12.7221
12.607
12.5195
12.6382
12.5873
12.6195
12.478
12.5588
13.0572
12.7805
12.7689
12.5356
12.644
12.7975
12.98
13.0541
12.5869
12.6935
12.7051
12.8229
12.8341
12.9787
12.7582
12.7587
12.4017
12.5342
12.7172
12.8792
12.7315
12.5628
12.5119
12.4932
12.4959
12.5771
12.6949
13.0255
12.6498
12.9046
12.5681
12.5713
12.5324
13.1647
16.0861
13.5462
12.6373
12.5168
12.8443
12.5418
12.4789
12.619
12.5061
12.7743
12.5561
12.8635
12.5588
12.5543
12.7087
12.694
12.5704
12.777
12.4668
12.4887
12.5681
12.5945
12.669
13.0585
12.5454
12.9171
12.586
12.8377
12.5302
12.7685
