100
9.12781
8.80921
8.85785
8.83241
9.0399
8.74361
8.88016
8.73112
8.78154
8.88016
8.7695
8.73157
8.87793
9.13896
8.74361
8.69855
9.04704
9.13361
8.7039
8.66597
8.8101
8.73424
8.79404
8.91853
8.69899
8.80742
8.85428
8.74942
8.79716
8.65749
8.74718
8.78601
9.00911
8.90559
8.72086
8.76146
8.71952
8.65437
8.64946
8.83955
8.7744
8.68427
8.79136
8.71773
8.66999
8.77842
8.76905
8.84223
9.09791
8.80519
8.68873
8.57762
8.71238
8.83018
8.65973
8.66374
8.88194
8.84892
8.69051
8.68427
8.70569
8.61377
8.80653
8.72844
8.70569
9.36921
8.76726
8.85026
8.71595
8.74897
8.83063
8.73157
8.64366
9.01447
8.71729
8.95958
8.64098
8.83018
8.62135
8.78957
8.82661
9.00822
8.70881
9.04749
8.69944
8.78913
8.67713
8.80252
8.64723
8.63697
8.74718
8.92924
8.61734
8.72978
8.61198
8.70301
9.0109
8.86811
8.86052
9.11888
