100
39.9391
40.9694
39.471
40.0832
40.96
40.9248
41.6856
39.8525
40.0288
40.9315
40.0528
40.8266
39.5625
39.9971
40.4464
40.508
40.9082
39.7869
43.3932
41.1095
40.6767
39.6508
40.6602
40.7057
40.3009
39.9417
40.1559
41.1911
40.9457
39.5732
39.5254
39.8605
39.8123
39.985
39.7811
40.964
39.6214
40.1657
40.2215
40.2965
39.9261
40.0314
40.1644
39.7686
39.5598
39.7405
40.1122
40.2461
39.3804
39.313
39.5562
40.168
40.2608
39.7967
39.8565
40.3554
40.3424
40.5111
39.4897
40.3487
40.0618
40.7088
39.8012
39.7976
39.9248
39.4795
40.1916
39.8146
40.3683
40.164
39.7325
40.6664
39.5451
39.8628
39.8092
39.6165
39.96
40.371
40.728
39.4839
39.6745
39.6325
39.7213
39.5049
39.811
39.9056
39.9346
41.1894
40.0221
40.0698
39.8766
39.828
40.8922
39.6316
39.7097
39.9484
39.8048
40.8819
40.5798
39.707
