100
1.42432
1.44619
1.4154
1.46448
1.42655
1.49572
1.43503
1.46671
1.40781
1.44931
1.47475
1.49259
1.4502
1.41808
1.39443
1.43369
1.41942
1.42611
1.42834
1.45065
1.43369
1.44842
1.4453
1.42031
1.54257
1.43057
1.49393
1.40424
1.42477
1.43459
1.39889
1.41183
1.42388
1.44396
1.39175
1.41049
1.42388
1.45065
1.38863
1.42343
1.41718
1.41272
1.46002
1.43994
1.427
1.42522
1.42522
1.45779
1.40692
1.42968
1.46002
1.4444
1.42432
1.42075
1.41852
1.41183
1.43548
1.43726
1.39353
1.4212
1.42522
1.43012
1.42254
1.46493
1.43548
1.4038
1.49438
1.45556
1.41763
1.42209
1.40826
1.46761
1.44842
1.43057
1.42745
1.42879
1.3971
1.3855
1.41406
1.43593
1.59121
1.41763
1.39175
1.40603
1.3739
1.41495
1.45154
1.40871
1.42254
1.41629
1.46493
1.44797
1.41317
1.40424
1.42477
1.39978
1.42522
1.44083
1.51758
1.45377
