100
0.214184
0.206152
0.112
0.138773
0.119586
0.112893
0.107092
0.109323
0.109323
0.109769
0.157068
0.110662
0.157514
0.114678
0.107538
0.128064
0.117801
0.115124
0.116463
0.182503
0.105307
0.104861
0.1062
0.107538
0.14859
0.116463
0.144128
0.109769
0.104415
0.157961
0.123156
0.111108
0.114231
0.107538
0.110216
0.126726
0.111108
0.116463
0.111554
0.104415
0.111108
0.111554
0.107538
0.109323
0.111554
0.103968
0.108877
0.112893
0.111108
0.109323
0.112893
0.110216
0.114231
0.112
0.106646
0.176702
0.108431
0.113339
0.177148
0.177148
0.113785
0.108431
0.112447
0.112
0.107092
0.111108
0.109769
0.108431
0.111554
0.187857
0.111554
0.111108
0.107984
0.178933
0.147251
0.112
0.113785
0.11914
0.156622
0.116463
0.125387
0.146359
0.112893
0.116016
0.172686
0.159299
0.151267
0.109769
0.109323
0.156622
0.110662
0.108431
0.112893
0.1062
0.106646
0.107538
0.107538
0.107984
0.112893
0.108431
