100
18.593
18.6947
23.9837
18.7576
18.9281
18.8718
18.5934
18.6001
19.0476
18.7384
18.7009
18.742
18.6295
18.8357
18.6327
18.5216
18.7103
18.9611
18.9209
19.3734
18.8544
18.8674
18.5938
18.7054
19.0307
18.7991
18.5341
18.481
18.6255
18.6037
18.6777
19.9133
18.8692
18.4087
18.53
18.5715
18.4091
18.4783
19.2605
18.8071
18.4301
18.8245
18.5698
18.5684
18.5965
19.2859
18.5381
18.5135
18.4997
18.8196
18.5863
18.6291
18.6983
18.5689
18.6005
18.6818
18.5461
18.7076
18.8736
18.671
18.5077
18.6014
18.6032
18.6425
18.7393
18.7478
18.6844
18.829
18.6867
18.551
18.7616
18.8326
19.032
18.4747
18.522
18.7804
18.7206
18.6438
18.7224
18.4698
18.6345
18.3828
18.5184
18.4716
18.4105
19.1619
18.5778
18.6572
18.5956
18.6327
18.4243
18.7554
18.7103
18.7121
18.6389
18.7487
18.522
19.3466
19.5675
19.4385
