100
14.8287
15.0518
15.589
14.7211
15.0384
14.8769
14.6908
14.6685
14.9612
14.7278
15.1691
14.8081
14.8376
14.909
14.8023
14.8728
14.7702
14.801
14.7421
14.7823
14.8666
14.8474
14.8148
14.7256
14.8224
14.7305
14.7501
14.7662
14.9554
14.9755
14.7519
14.7158
14.838
14.7997
14.7796
14.8871
14.7363
14.6979
14.7626
14.7903
14.8853
14.8831
14.9509
14.8617
14.7546
14.743
14.8144
14.9567
14.7898
15.0433
14.6676
14.6439
14.8202
14.9599
14.8354
14.7756
15.042
14.7747
14.7073
14.7091
14.7573
14.8371
14.8889
15.0018
14.6859
14.7653
14.872
15.0165
14.7318
14.8456
16.062
14.735
14.9259
14.9277
14.6734
14.9536
14.9041
14.9866
14.8148
14.8546
14.9875
14.8862
14.7515
14.9184
14.7644
14.8189
14.7698
14.6297
14.896
14.901
14.7234
14.8429
14.8287
14.7524
14.7506
14.8925
14.6372
14.8148
14.8496
15.0255
