100
1.07404
1.07315
1.05396
1.17801
1.08565
1.08565
1.04325
1.0669
1.04727
1.04013
1.05798
1.04013
1.03165
1.02853
1.0263
1.0379
1.03121
1.04147
1.04906
1.04325
1.06021
1.04504
1.02719
1.04236
1.01827
1.02808
1.02005
1.02407
1.04415
1.08475
1.05887
1.02184
1.06646
1.03656
1.02942
1.03165
1.03344
1.04772
1.03165
1.05039
1.02987
1.15302
1.06021
1.03835
1.07761
1.06155
1.06914
1.07047
1.04325
1.04102
1.04682
1.07047
1.05307
1.06646
1.3507
1.11465
1.09189
1.1615
1.13161
1.08877
1.35293
1.19051
1.78219
1.0727
1.16552
1.71169
1.8219
1.76702
1.11153
1.75675
1.57604
1.15793
1.1151
1.18917
1.10394
1.05843
1.11019
1.04772
1.04459
1.03656
1.09546
1.04593
1.0727
1.06467
1.03255
1.08966
1.06021
1.06244
1.09992
1.08208
1.08118
1.09903
1.04682
1.07806
1.08743
1.04192
1.03701
1.03478
1.03567
1.11956
