100
33.4225
32.7407
31.9772
32.8259
32.2262
32.7844
32.0442
31.9223
32.2873
31.9719
32.1633
32.1263
32.2012
33.3632
32.2325
32.0874
31.8393
32.124
32.1182
32.236
32.5729
32.1267
31.9031
32.0232
32.1861
33.9593
32.1544
33.1802
33.2681
32.1713
32.9116
32.0946
32.8625
32.0633
32.7037
32.3529
32.0928
32.195
32.174
32.3047
32.0799
31.9621
32.0027
32.0245
32.9776
32.0388
32.2101
32.253
32.4556
33.2855
32.5256
32.6711
32.5868
32.3293
33.153
31.9928
32.2289
32.5805
32.1196
33.5912
32.3079
32.6193
32.4636
32.0709
32.7893
32.149
32.6439
32.1031
32.5314
32.5466
33.5742
33.435
32.5823
32.6506
31.9112
32.3547
32.174
32.456
33.4587
32.4676
31.8929
32.4382
32.4819
33.1927
32.1811
31.9585
32.3592
33.0539
32.5689
32.137
32.1602
32.3494
40.2063
33.2065
32.5769
32.7425
32.4092
32.564
32.5287
32.1535
