100
6.9641
6.85255
6.74323
7.10288
6.77625
6.7584
6.70842
6.78829
6.78472
6.89672
6.7816
6.90833
6.85835
6.8405
6.85032
7.01497
6.82711
6.89182
6.91547
6.82042
6.88914
6.85656
6.80748
6.8637
6.76152
6.83827
6.80213
6.85567
6.83425
6.76152
6.88155
6.82935
6.74724
6.83872
6.76911
6.85076
6.90074
7.2827
6.89539
6.78785
6.86906
6.77268
6.77535
6.74189
6.85032
6.80703
6.80882
6.90029
6.8106
6.73073
6.96633
6.82221
6.95205
6.89762
7.13723
6.80302
6.7575
6.90431
6.7874
6.81507
6.76643
6.82042
6.85701
6.84719
6.87397
6.87352
6.73519
6.77312
6.86594
6.81997
6.79276
7.13723
6.78472
6.94179
6.84496
6.98597
6.69593
6.73073
6.76331
6.74546
6.8762
6.91234
6.82042
6.74813
6.80882
6.83425
6.80971
6.98507
6.84719
6.81239
6.79231
6.80927
6.81462
6.79677
6.76063
6.99311
6.95116
6.96366
6.79945
6.86683
