100
0.0754106
0.0758568
0.0745182
0.0722871
0.0713947
0.070056
0.0986139
0.0713947
0.0722871
0.0705022
0.110662
0.0745182
0.102184
0.0718409
0.0731795
0.0682711
0.0696098
0.0977214
0.0972752
0.0972752
0.100399
0.0705022
0.0696098
0.0945979
0.0687174
0.0696098
0.0696098
0.0999525
0.0999525
0.100399
0.0709484
0.0959366
0.0950441
0.0771955
0.103076
0.0977214
0.0705022
0.0963828
0.0981677
0.0977214
0.0990601
0.0780879
0.096829
0.0995063
0.0986139
0.0722871
0.0990601
0.0995063
0.101291
0.0986139
0.104861
0.102184
0.0995063
0.0691636
0.0687174
0.0950441
0.0678249
0.0977214
0.070056
0.103522
0.096829
0.0687174
0.0691636
0.0995063
0.0995063
0.0963828
0.0981677
0.096829
0.096829
0.070056
0.070056
0.100845
0.0954904
0.0981677
0.096829
0.096829
0.0963828
0.0977214
0.0687174
0.096829
0.108431
0.10263
0.117355
0.0758568
0.0816576
0.104861
0.0963828
0.0990601
0.0941517
0.070056
0.100399
0.0727333
0.0727333
0.104415
0.0705022
0.0727333
0.10263
0.0713947
0.0995063
0.103522
