100
89.2107
86.0703
88.2286
89.1978
87.9462
86.9721
91.2607
87.612
87.3915
93.0259
96.7121
112.145
89.022
87.6378
86.7619
86.7615
88.0439
89.2652
88.379
88.1885
87.0685
88.6008
86.956
89.2652
94.672
86.5915
87.6749
88.4214
87.8725
88.5932
89.213
89.0657
88.5236
88.2179
87.6512
93.2633
89.2531
89.7672
87.6084
88.7462
88.5187
89.8743
86.9765
90.1973
92.3784
90.5168
87.388
86.7731
86.6861
87.5879
88.8462
88.3161
86.7704
88.1068
87.5
86.7882
88.586
89.7284
99.886
88.3339
87.0595
86.3808
88.3045
89.6498
88.1447
86.6816
88.6972
87.6691
87.8507
86.8587
88.0608
87.2858
87.5316
86.5745
86.6361
86.6289
87.1434
88.0403
85.7731
88.2152
88.5026
87.9127
88.0269
89.167
89.3973
88.8016
90.2103
86.185
86.985
87.321
89.4664
87.4214
86.8922
86.7093
86.7985
86.2452
86.7744
91.2848
90.4856
89.8658
