100
23.1154
22.5
22.923
23.0605
23.0975
22.4407
22.7481
24.1309
23.7851
27.623
23.579
32.3047
23.0087
23.695
22.9601
22.8967
22.7115
23.1252
22.641
23.0136
22.961
22.8146
23.0417
23.2372
23.2965
23.8788
23.7236
22.9065
22.7686
22.9498
22.9141
22.7423
22.6825
22.6495
22.724
23.7311
23.114
23.5183
23.4389
23.3742
23.0948
23.4058
23.1229
23.3179
23.4018
23.1296
23.2318
23.4299
23.695
22.8597
23.6129
23.3411
22.4492
22.6977
23.1841
22.9445
22.8579
23.0623
22.6232
22.4402
23.0431
23.1118
23.388
23.6816
23.4942
23.7231
23.405
23.4897
23.3701
23.2702
23.7963
23.1609
23.1176
22.8851
23.2135
22.9012
22.7669
22.9449
23.8271
23.4112
23.3554
23.388
23.1939
22.8133
23.1252
23.23
23.4616
23.6731
23.3461
23.2452
23.7775
23.3291
23.0252
23.537
23.2349
23.0074
22.803
23.1881
23.1689
23.3411
