100
5.94762
6.51209
6.7044
6.39473
6.4041
6.26131
6.23008
6.08372
6.16671
6.47282
6.25239
6.24926
6.36974
6.35859
6.44069
6.42641
6.51744
6.3809
6.34297
6.38581
6.41793
6.61382
6.35993
6.34699
6.41213
6.39027
6.29879
6.34743
6.37867
6.40946
6.42106
6.34386
6.23275
6.15333
6.13146
6.24882
6.18545
6.15779
6.31843
6.41079
6.11584
6.06007
6.57099
6.32914
6.14083
6.16404
6.50048
6.11094
6.26042
6.19304
6.3626
6.19304
6.40812
6.26131
6.34832
6.18813
6.33226
6.30147
6.32423
6.53752
6.62007
6.41838
6.41124
6.35145
6.60981
6.90565
6.3153
6.56652
6.50941
6.239
6.32557
6.60133
6.31129
6.28719
6.3684
6.32467
6.19349
6.22963
6.21981
6.11228
6.0681
6.30638
6.1801
6.32735
6.08238
6.15824
6.1569
6.32914
6.2332
6.19483
6.28719
6.17251
6.3336
6.32735
6.24882
6.30549
6.27871
6.21535
6.16047
6.31709
