100
0.0428368
0.0383746
0.0383746
0.0397133
0.0401595
0.0334662
0.0388208
0.0441754
0.0414981
0.0392671
0.0410519
0.0388208
0.0410519
0.0392671
0.0365898
0.0450679
0.0356973
0.0374822
0.0343587
0.0365898
0.0423906
0.0365898
0.0356973
0.0374822
0.037036
0.0388208
0.0374822
0.0365898
0.0379284
0.0374822
0.0374822
0.0383746
0.0383746
0.0365898
0.0383746
0.0401595
0.0383746
0.0388208
0.037036
0.0374822
0.0343587
0.0365898
0.037036
0.0388208
0.0365898
0.0365898
0.0379284
0.0365898
0.037036
0.0383746
0.0361435
0.0365898
0.0388208
0.0379284
0.0379284
0.0410519
0.0383746
0.0374822
0.0374822
0.0374822
0.0388208
0.0383746
0.0392671
0.0383746
0.0383746
0.0388208
0.0379284
0.0383746
0.0352511
0.0374822
0.0374822
0.037036
0.0388208
0.0383746
0.0361435
0.0419444
0.0383746
0.037036
0.0374822
0.0414981
0.0383746
0.037036
0.0397133
0.037036
0.0397133
0.037036
0.0361435
0.0388208
0.0374822
0.0379284
0.0374822
0.0374822
0.0365898
0.037036
0.0348049
0.0365898
0.0365898
0.0356973
0.0356973
0.0356973
