100
0.441308
0.487715
0.497978
0.618456
0.508241
0.540368
0.475221
0.576066
0.45648
0.52252
0.468974
0.510918
0.49887
0.450233
0.523412
0.520289
0.510918
0.503332
0.510472
0.507348
0.51895
0.494408
0.53546
0.49887
0.492623
0.497532
0.504225
0.496193
0.514934
0.507348
0.509133
0.493069
0.50244
0.4953
0.510472
0.497085
0.515826
0.506456
0.495747
0.526536
0.502886
0.510918
0.49887
0.4895
0.494408
0.501547
0.490392
0.509133
0.526089
0.496639
0.517611
0.513595
0.493516
0.496193
0.494854
0.497085
0.506456
0.52832
0.516273
0.492177
0.492177
0.510918
0.509133
0.50244
0.4953
0.493516
0.493069
0.496193
0.499763
0.510472
0.4895
0.4953
0.501994
0.532783
0.494408
0.490392
0.497532
0.4895
0.498424
0.523858
0.537691
0.540368
0.529213
0.512257
0.526089
0.524751
0.546615
0.536799
0.525643
0.561341
0.526089
0.548846
0.519842
0.529213
0.526536
0.543492
0.523412
0.739381
0.531444
0.585436
