100
112.415
114.295
116.27
120.073
115.258
114.554
114.959
113.322
114.131
114.231
115.81
120.869
113.091
112.71
113.453
114.648
114.885
112.19
118.115
115.077
113.787
132.095
115.963
117.013
114.513
113.996
115.107
115.767
115.036
114.1
115.786
114.552
115.93
115.633
113.372
118.008
115.32
112.981
117.666
119.208
114.857
112.268
114.29
119.467
115.379
113.21
113.096
112.254
114.267
115.552
115.199
113.783
116.963
116.123
115.521
114.953
114.016
113.861
114.437
113.587
121.614
120.548
118.973
114.284
113.2
113.411
115.098
117.362
115.122
114.769
114.81
116.247
115.546
115.728
115.762
115.432
114.804
115.432
114.607
112.866
112.703
117.779
114.992
117.406
120.01
117.823
121.112
113.297
114.214
115.142
116.75
115.65
115.326
117.605
117.282
121.702
117.933
114.563
117.563
115.659
