100
0.657723
0.549739
0.531444
0.530105
0.53903
0.526982
0.554201
0.525197
0.531444
0.536799
0.52252
0.526536
0.568926
0.526982
0.525197
0.530552
0.526089
0.551078
0.536799
0.529659
0.521627
0.525643
0.522073
0.533675
0.526536
0.528767
0.526982
0.545277
0.542599
0.525643
0.541261
0.527428
0.539476
0.663524
0.526982
0.579635
0.526089
0.528767
0.527874
0.55197
0.530998
0.538137
0.558663
0.532336
0.537691
0.532336
0.537691
0.546615
0.534568
0.529659
0.534121
0.529213
0.530105
0.539476
0.546615
0.530105
0.530998
0.547508
0.536799
0.571157
0.53189
0.537691
0.544384
0.559556
0.531444
0.533229
0.53189
0.592576
0.540815
0.577404
0.599715
0.538137
0.613102
0.565356
0.540368
0.709484
0.912067
0.534121
0.533229
0.536799
0.527874
0.535014
0.528767
0.526089
0.528767
0.760799
0.526536
0.527428
0.525197
0.522966
0.526536
0.562679
0.526982
0.560448
0.553309
0.523412
0.53903
0.529213
0.522073
0.533675
