100
7.8784
7.9547
7.86457
7.86725
7.75257
7.79228
7.80834
7.91008
7.98415
7.9904
7.90874
7.72803
7.7896
7.59014
7.91767
7.68162
7.77622
7.65083
7.48127
7.76551
7.88688
7.79853
7.64771
7.77443
7.98326
7.9074
7.71821
7.80522
7.87662
7.81281
7.75524
7.75926
7.67046
7.66734
8.24207
7.67314
7.92034
7.99129
7.87795
7.81905
7.65351
7.82887
7.86546
7.7722
7.72803
7.86457
7.86903
7.70259
7.67225
7.87171
7.80299
7.93239
7.8552
7.75257
7.78782
7.78871
7.66243
7.73338
7.80611
7.78068
7.77354
7.83021
7.55757
7.75524
7.68117
7.80924
7.69233
7.63209
7.62495
7.62361
7.90473
7.66511
7.72981
7.71732
7.76462
7.81772
7.91633
7.68251
7.66243
7.78514
7.66154
7.9074
7.67626
7.76819
7.99486
7.76015
7.861
7.68564
7.66065
7.83423
8.09214
7.79674
7.88643
7.88019
7.69099
7.91321
7.7722
7.76595
7.79674
7.78916
