100
28.4151
29.0054
29.7399
29.4878
29.1857
29.4485
29.2834
30.1049
29.8363
29.5578
29.7604
30.166
29.3999
29.5016
29.7769
29.7359
29.1509
30.0848
29.5891
29.0161
29.5922
29.5386
29.3619
28.8488
28.8341
29.2687
29.005
32.3226
32.8054
29.7577
29.4275
29.0433
28.9073
28.9144
29.2241
29.4182
30.4119
29.4427
29.0291
29.8122
29.4597
29.5757
28.6922
29.8782
29.6761
29.6221
29.6502
29.1098
30.1625
28.9296
29.515
30.067
29.9505
29.8211
29.9469
29.7671
29.5364
29.0768
29.9585
29.7278
29.527
29.3454
29.4186
29.9103
29.5855
29.1513
29.0117
28.7667
29.1861
29.4552
29.3387
29.0973
29.4963
30.1642
29.7359
30.0558
29.9202
29.1875
29.382
29.8407
29.0367
29.2557
29.1745
29.4516
29.7435
29.3932
29.4722
29.7002
29.9715
34.2471
29.9617
29.76
29.6904
29.7069
30.4418
29.5922
30.2696
29.9193
29.851
29.9068
