100
134.496
138.511
134.588
133.44
134.242
133.178
132.816
134.361
131.608
132.113
131.253
134.882
146.807
131.576
134.229
133.718
132.894
134.737
133.144
131.992
133.138
131.672
135
135.038
133.032
132.941
130.694
133.417
132.984
133.902
132.716
131.686
132.131
134.618
134.914
130.425
133.944
133.574
133.87
131.307
129.77
131.716
130.708
133.145
134.918
133.653
132.699
134.433
131.765
133.837
132.327
135.001
133.766
132.159
131.648
130.969
134.205
134.141
130.798
132.052
138.743
132.473
133.616
138.437
133.917
132.371
130.907
132.35
139.188
133.538
136.463
131.076
133.37
134.616
132.285
132.504
134.416
132.125
132.879
148.622
133.759
132.328
132.443
134.247
133.227
133.017
130.111
132.524
140.601
132.189
131.793
133.183
135.278
131.459
133.637
131.617
132.386
133.949
132.699
133.557
