100
9.40625
9.7186
9.69495
9.44016
9.55305
9.49147
11.1907
9.52762
9.541
9.31879
9.40982
9.32771
9.317
9.35716
9.78107
9.23981
9.70744
9.25453
9.29425
9.2465
9.27595
9.28978
9.30852
9.39911
9.3527
9.21884
9.27238
9.16038
9.1876
9.18805
9.15458
9.32771
9.22464
9.15413
9.38572
9.31343
9.37724
9.429
9.43079
9.44105
9.43123
9.54056
9.71101
9.55841
9.47318
9.44194
9.45667
9.29737
9.28175
9.20009
9.63426
9.25632
9.14878
9.24873
9.1461
9.16217
9.16797
9.34868
9.20143
9.13584
9.21259
9.18939
9.27015
9.45935
9.27372
9.39866
9.19295
9.56108
9.28086
9.57402
9.44194
9.27015
9.33084
9.37635
9.12959
9.27372
9.57001
9.06578
9.20545
9.23088
9.11531
9.18582
9.26167
9.29558
9.2764
9.29737
9.27417
9.39464
9.56644
9.14432
9.43882
9.44774
9.14253
9.07158
9.35449
9.4647
9.47764
10.1037
9.27907
9.38661
