100
34.0254
33.9236
34.3725
34.3257
34.0883
34.2378
34.3988
34.2226
34.3051
34.9874
34.7246
34.9874
34.3913
34.2824
34.7174
34.9905
34.0088
33.9803
34.4983
33.8705
34.3868
33.6809
34.3792
33.813
34.2833
34.4421
34.3636
34.5037
33.6898
34.302
33.6474
34.3279
34.2132
34.2958
34.4751
35.3051
34.539
40.5156
35.7718
35.1779
35.1351
35.1949
35.0311
34.6202
34.6563
34.3056
34.1855
34.1427
34.7161
34.9325
35.0887
34.8335
34.9165
34.7366
34.8277
34.6282
34.6661
34.6719
34.8196
35.028
35.0088
35.1561
34.5238
34.6608
34.4493
34.7906
35.0235
34.8339
35.721
34.9013
34.8161
34.0762
33.6537
34.6331
33.7514
34.5171
34.2931
34.8009
33.6537
34.8294
34.3065
34.6496
34.4216
34.8415
35.5126
35.8923
35.6701
34.3984
34.7032
34.385
34.7161
35.2034
35.0517
34.3328
34.1637
34.2926
34.6353
34.8638
34.3895
33.9812
