100
0.582313
0.577404
0.631397
0.590791
0.594361
0.626488
0.589452
0.579189
0.583651
0.58856
0.582313
0.578297
0.578297
0.580082
0.581866
0.578743
0.577404
0.576512
0.579635
0.572496
0.589452
0.576512
0.573835
0.592576
0.613994
0.576512
0.591237
0.570711
0.596145
0.58499
0.601054
0.594361
0.590791
0.580528
0.609532
0.58142
0.576066
0.615333
0.576958
0.589898
0.598376
0.580974
0.577851
0.622918
0.58142
0.575619
0.575173
0.570711
0.572942
0.577404
0.581866
0.572496
0.575173
0.571157
0.593914
0.601054
0.582313
0.570265
0.592129
0.570265
0.570265
0.570265
0.592576
0.588114
0.591237
0.575173
0.572942
0.576958
0.575619
0.602839
0.585882
0.67468
0.571603
0.571157
0.578743
0.577851
0.585436
0.580528
0.662185
0.583205
0.574727
0.593468
0.606408
0.573835
0.57205
0.577404
0.627381
0.592576
0.581866
0.577404
0.576066
0.571157
0.574281
0.575619
0.569819
0.571157
0.579189
0.576512
0.578743
0.594807
