100
35.1927
35.5367
35.2658
35.725
35.75
35.6844
34.9477
36.2627
35.4274
34.5813
35.3056
35.0459
35.8522
35.4599
35.1922
35.8714
37.5982
36.7696
40.3371
49.6679
36.6638
35.7196
37.8731
36.1047
36.3336
36.3002
35.771
35.165
35.5943
35.0646
35.6125
36.2319
36.642
36.0744
36.0092
35.9401
36.7535
36.4666
35.4956
35.5554
36.0574
36.2239
36.1966
36.5701
36.6005
36.0896
35.8865
35.8691
36.1685
36.3153
36.2738
36.3002
36.2707
36.4171
36.4604
36.3332
36.6058
35.8963
35.9619
35.9932
35.6978
35.8664
35.9066
36.1409
36.2917
35.9419
36.1404
35.3372
36.285
36.1609
35.6023
36.3345
36.4929
36.2551
35.6237
35.6594
35.8995
35.6639
35.3337
36.3229
36.721
35.7826
35.5541
35.4898
36.1333
36.5425
36.0315
35.7245
35.4207
35.9932
36.455
35.6509
36.6246
36.4398
36.2792
35.5376
35.7656
36.1328
36.3176
35.7527
