100
5.69506
5.68168
5.82447
6.18679
5.45054
5.74415
5.5728
5.50676
5.63348
5.56254
5.50676
5.56031
5.51613
5.71737
5.61653
5.55718
5.55629
5.59243
5.55227
5.59957
5.52282
5.58083
6.12298
5.68614
5.64241
5.679
5.52461
5.75843
5.57414
5.79323
5.61742
5.51791
5.48132
5.47776
5.40993
5.52015
5.63393
5.53799
5.58619
5.61787
5.6143
5.63125
5.37468
5.43849
5.47686
5.65267
5.68391
5.63348
5.58708
5.72407
5.65223
5.56968
5.38851
5.4376
5.32738
5.64018
5.54424
5.75262
5.596
5.53442
5.63215
5.55317
5.39877
5.6558
5.53978
5.63839
5.60314
5.6674
5.73076
5.3488
5.44697
5.45723
5.53041
5.43179
5.47508
5.58663
5.63973
5.68971
5.54737
5.46794
5.59333
5.70622
5.73433
5.48266
5.45366
5.53353
5.64955
5.57682
5.44786
5.58663
5.56655
5.75619
5.63616
5.57637
5.40547
5.53844
5.64776
5.48489
5.47909
5.55183
