100
139.235
154.276
139.088
141.9
139.467
141.421
137.875
139.552
141.249
138.796
140.167
142.272
139.361
139.054
139.6
140.751
139.481
140.972
144.733
140.087
139.624
138.805
139.705
139.623
139.699
143.014
140.357
141.923
140.32
140.593
140.006
142.591
139.578
140.579
141.501
140.717
140.511
139.163
142.272
139.869
139.582
141.476
141.265
139.512
141.44
142.873
140.32
139.927
140.359
141.419
139.261
140.91
142.033
139.973
139.166
142.516
140.503
140.996
142.102
141.192
140.559
141.532
144.708
143.076
143.232
143.71
142.232
140.474
146.946
142.16
142.728
143.652
143.86
141.271
144.288
141.944
142.427
142.146
141.78
144.393
140.499
142.96
145.026
141.854
141.752
142.176
143.742
141.816
143.995
144.86
142.68
142.176
144.937
143.696
141.911
144.289
142.889
144.456
143.899
145.446
