100
0.0379284
0.0343587
0.03302
0.0321276
0.0321276
0.0343587
0.0325738
0.0339125
0.03302
0.0312352
0.0339125
0.0365898
0.0339125
0.0334662
0.0361435
0.0365898
0.0352511
0.0356973
0.0352511
0.0339125
0.03302
0.0348049
0.0334662
0.0334662
0.0352511
0.0374822
0.0343587
0.0352511
0.03302
0.0334662
0.0356973
0.0388208
0.0356973
0.0343587
0.157068
0.0343587
0.037036
0.0348049
0.0348049
0.0352511
0.0348049
0.03302
0.0343587
0.0343587
0.0356973
0.0352511
0.0343587
0.0339125
0.0383746
0.0348049
0.0325738
0.0374822
0.0414981
0.0392671
0.0356973
0.0361435
0.0343587
0.0348049
0.0339125
0.0334662
0.0343587
0.0392671
0.0374822
0.0356973
0.0348049
0.0352511
0.0361435
0.0361435
0.0348049
0.0361435
0.0374822
0.0383746
0.0388208
0.0356973
0.0352511
0.0352511
0.0356973
0.0321276
0.0339125
0.0361435
0.0321276
0.0348049
0.0388208
0.0374822
0.0356973
0.0361435
0.0361435
0.0339125
0.0348049
0.0383746
0.0352511
0.0361435
0.0356973
0.0334662
0.0334662
0.0348049
0.0356973
0.0352511
0.0339125
0.0374822
