100
0.394455
0.318599
0.318152
0.338678
0.342694
0.329308
0.356973
0.320384
0.330647
0.315475
0.329308
0.314583
0.319491
0.312352
0.326184
0.316814
0.352065
0.335555
0.37973
0.359204
0.331985
0.316368
0.355635
0.335109
0.329308
0.363667
0.350726
0.317706
0.324399
0.366344
0.335109
0.327077
0.315029
0.333324
0.345372
0.321276
0.319937
0.443093
0.350726
0.315921
0.348941
0.315921
0.324846
0.318152
0.389993
0.377499
0.325292
0.319491
0.316814
0.309674
0.316814
0.337786
0.318152
0.333324
0.316368
0.328415
0.31726
0.32083
0.585882
0.312352
0.308336
0.340463
0.367236
0.343587
0.322615
0.576512
0.339125
0.41275
0.345818
0.339571
0.39981
0.3833
0.415428
0.360543
0.647014
0.42346
0.354296
0.381515
0.360543
0.334662
0.594807
0.493962
0.42346
0.331093
0.427476
0.406057
0.320384
0.332878
0.386424
0.336894
0.306997
0.325738
0.312798
0.319491
0.305212
0.309228
0.317706
0.357866
0.401595
0.341802
