100
0.0191873
0.0232033
0.0232033
0.022757
0.0236495
0.0290041
0.0254343
0.0232033
0.022757
0.0240957
0.0232033
0.0236495
0.022757
0.0236495
0.0232033
0.0281116
0.0258806
0.0240957
0.0236495
0.0236495
0.0276654
0.0254343
0.0249881
0.0232033
0.0218646
0.0236495
0.0223108
0.0223108
0.0223108
0.022757
0.026773
0.0249881
0.026773
0.0240957
0.0214184
0.0254343
0.0272192
0.0249881
0.0218646
0.022757
0.0223108
0.0223108
0.0223108
0.0249881
0.0214184
0.0236495
0.0232033
0.0223108
0.020526
0.022757
0.0223108
0.022757
0.0209722
0.0214184
0.0240957
0.0258806
0.0236495
0.0218646
0.0223108
0.0232033
0.0187411
0.0218646
0.0223108
0.020526
0.0196335
0.0209722
0.0218646
0.0218646
0.0200797
0.0218646
0.0258806
0.0240957
0.0258806
0.0218646
0.0245419
0.0223108
0.0223108
0.0236495
0.022757
0.0214184
0.0236495
0.0236495
0.022757
0.0240957
0.0214184
0.0218646
0.022757
0.0218646
0.0223108
0.0223108
0.0249881
0.0209722
0.0232033
0.0249881
0.0240957
0.0232033
0.0223108
0.0218646
0.0232033
0.0218646
