100
44.3986
45.5328
45.8331
43.8185
44.0264
44.4414
44.9179
44.5378
44.4918
42.7725
43.0554
42.5735
43.1286
44.6525
43.623
42.9738
43.2616
43.0675
43.64
43.8046
42.8627
43.4249
42.98
43.2116
43.4673
44.3013
43.9688
43.6993
43.5695
43.0175
43.2134
43.9693
43.0666
43.4508
43.3946
43.358
44.9197
44.1058
43.7471
44.0862
43.7221
43.5481
43.2121
43.6462
43.8609
43.8328
43.5316
43.1795
45.959
45.3972
43.4347
43.2375
43.918
44.0255
43.3682
45.0197
43.3223
44.7881
44.1049
46.3262
44.1862
43.7453
44.4244
44.0139
44.0367
43.1612
42.8448
42.8381
43.3325
43.88
43.3549
43.9894
44.507
45.0424
43.7921
42.8426
44.7863
44.6337
44.7769
44.0407
44.623
45.2928
44.797
44.1371
44.5257
42.6654
44.0657
44.0175
44.2968
43.3678
44.1572
43.7765
44.5034
44.5132
44.7823
44.0166
44.8787
44.2169
44.4815
44.3557
