100
173.604
175.969
176.014
174.983
179.004
175.594
175.346
179.469
175.86
174.679
180.392
182.002
175.364
178.697
179.407
174.686
176.127
174.92
177.157
177.356
175.749
176.958
178.423
175.025
176.654
177.908
176.706
172.657
184.809
174.063
174.533
177.811
173.726
174.941
181.744
175.124
172.422
175.986
174.534
176.518
176.068
174.94
175.732
174.401
172.717
175.544
177.157
176.803
174.208
176.965
175.584
174.286
175.049
174.818
178.226
179.839
173.257
174.535
177.465
173.57
174.354
175.246
175.487
175.096
176.953
175.052
175.895
175.347
172.183
175.572
178.217
179.157
176.961
185.113
174.526
175.087
175.065
174.098
178.286
178.015
177.428
175.046
180.098
174.83
176.098
179.905
176.061
176.006
194.38
177.877
175.98
180.628
177.197
175.721
180.632
176.675
176.059
180.285
179.437
177.619
