100
11.7712
11.752
12.0858
11.8006
11.6043
11.6762
11.6632
11.354
11.7333
11.3888
11.3674
11.4325
11.5958
11.4388
11.3709
11.4321
11.2732
11.3924
11.2032
12.1523
11.7065
11.6797
12.3142
11.8114
11.8091
11.8038
11.6587
11.9769
11.7096
11.7699
11.8011
11.719
11.7297
11.7725
12.4062
13.1652
12.532
11.901
11.9791
11.5396
11.6186
11.7391
11.7672
11.6231
11.7926
12.0452
11.5369
11.7096
11.6543
11.3732
11.3919
11.3825
11.1925
11.7364
11.4432
11.723
11.6213
11.6739
11.7609
11.5588
11.7596
11.5905
11.6882
11.8047
11.7029
11.6703
11.2518
11.2911
11.6623
11.7569
11.8725
11.9519
12.0028
11.8154
11.5133
11.744
11.7855
11.7052
11.5035
11.665
11.7368
11.7342
11.5615
11.6284
11.5981
11.6146
11.5592
11.5503
11.6123
11.6605
11.6021
11.7257
11.839
11.6521
11.6382
11.6632
11.4142
11.3361
11.7069
11.6141
