100
98.2092
101.84
96.9008
96.9446
96.9383
101.921
99.8146
98.8049
96.1726
99.3582
97.4256
98.0458
97.1605
99.8735
97.3038
97.7629
97.7348
100.372
98.443
98.1311
97.9218
100.265
99.3211
100.563
97.368
105.899
101.268
99.4541
101.633
100.972
100.565
101.185
102.267
99.4702
98.0173
101.828
101.799
99.9864
99.5572
98.3194
101.245
100.485
99.4617
102.909
102.51
101.131
102.104
103.48
98.0655
100.588
101.735
116.255
99.8021
100.601
100.718
101.818
100.164
102.037
100.207
99.9824
100.119
99.5737
100.028
100.496
99.9561
99.982
100.008
99.9967
102.17
101.05
100.624
102.404
100.458
101.889
102.728
102.139
103.935
99.2622
102.118
101.273
101.225
100.504
101.687
104.274
101.584
102.594
100.154
101.945
101.864
104.622
100.574
101.409
101.591
103.522
102.135
100.306
101.009
101.733
101.943
102.707
