100
24.1939
24.1006
24.6093
25.8257
25.8703
25.5669
29.9626
26.7882
25.8823
24.4576
26.4642
24.8654
24.8931
24.2144
25.0841
23.4853
24.612
24.3898
24.28
24.1202
25.0626
24.8525
25.0555
24.5424
24.5348
25.2742
24.8284
24.6526
24.2947
24.7699
24.259
24.5781
24.724
24.1898
24.1814
24.2894
25.578
24.4835
25.1992
24.2224
24.2943
24.6686
24.9605
24.5687
24.8654
24.2327
24.392
24.1461
24.4223
24.6968
25.2233
25.3067
24.96
25.027
25.4232
25.0122
25.2331
24.9368
25.126
24.6495
25.0653
25.0658
24.8931
25.2273
25.2184
26.2067
25.354
25.3862
25.0671
24.6793
24.9261
24.7864
25.1162
24.894
25.2402
24.8047
25.0711
25.0332
27.105
25.1961
24.865
25.2835
25.3134
25.2826
25.0711
25.1287
24.6138
25.3701
26.1345
25.2019
25.3148
25.6039
24.8949
25.0127
27.3018
25.7333
25.7561
24.7802
25.0274
25.4263
