100
0.69699
0.684496
0.728672
0.706361
0.685389
0.685389
0.678695
0.682711
0.707253
1.13964
0.759014
0.744736
0.719747
0.699221
0.762584
0.69699
0.690743
0.691636
0.674233
0.672895
0.676911
0.678695
0.663524
0.707253
0.712608
0.667986
0.68405
0.667094
1.11108
0.67111
0.685835
0.670664
0.664417
0.709931
0.658616
0.677803
0.66754
0.664417
0.688066
0.682711
0.667986
0.681819
0.668879
0.668432
0.664863
0.788911
0.665309
0.684943
0.684496
0.669771
0.663524
0.66754
0.688512
0.671556
0.672448
0.675126
0.659508
0.670664
0.670217
0.673341
0.701006
0.660847
0.667986
0.664417
0.67468
0.657277
0.706361
0.677803
0.673787
0.685389
0.675572
0.674233
0.709484
0.708146
0.659954
0.672002
0.66397
0.671556
0.662185
0.672002
0.657277
0.668432
0.667986
0.673341
0.694313
0.682711
0.680927
0.672002
0.670664
0.705468
0.666201
0.693867
0.676911
0.682265
0.688066
0.695205
0.824608
0.682711
0.679588
0.683604
