100
0.562233
0.575173
0.556432
0.555986
0.547954
0.551078
0.565803
0.549739
0.579189
0.575173
0.567141
0.591683
0.584544
0.586329
0.586775
1.22219
0.594361
0.587221
0.576958
0.598376
0.581866
0.571603
0.566695
0.557325
0.48593
0.496193
0.465404
0.474774
0.458264
0.453802
0.461834
0.457372
0.460496
0.447109
0.463173
0.49887
0.451125
0.44577
0.471651
0.463619
0.448001
0.447555
0.461388
0.471205
0.474328
0.471205
0.45291
0.465404
0.463173
0.452464
0.44577
0.467189
0.44577
0.455141
0.475221
0.452464
0.451125
0.508241
0.466743
0.450233
0.468527
0.452017
0.494854
0.444878
0.443986
0.475667
0.460942
0.47299
0.463173
0.450679
0.664417
0.476113
0.462727
0.468527
0.468974
0.458264
0.450233
0.453802
0.457818
0.465404
0.450233
0.45291
0.459603
0.463173
0.477452
0.463619
0.44577
0.440862
0.452464
0.448448
0.444432
0.450233
0.458711
0.452017
0.441308
0.43997
0.461834
0.44934
0.510918
0.468974
