100
9.03009
9.20946
9.04035
9.19831
9.02562
9.20099
8.85115
9.21616
8.99974
9.0283
9.08676
9.15993
9.21794
9.14164
9.30049
9.25944
9.3411
9.14923
9.35805
9.25543
9.24516
9.20233
9.2581
9.11888
9.34735
9.38304
9.01581
9.09434
9.12111
9.4232
8.97074
9.27149
9.0814
9.04436
9.28264
9.19028
9.53967
9.3701
9.16529
9.29068
9.26524
9.07962
9.25944
9.20723
8.8931
9.27774
9.16707
9.01625
9.10817
9.06801
9.0698
9.20277
9.30049
9.45667
9.00956
9.1635
9.06578
9.20366
9.34735
8.95378
9.2523
9.13227
9.05195
8.97208
9.13004
9.08988
8.8806
9.11487
9.07025
9.0756
9.04035
9.23178
9.06623
8.99483
9.26033
9.22241
9.17957
9.09166
9.21973
8.99171
9.09836
8.94397
9.38215
9.11933
9.54011
9.36386
9.26837
9.16484
9.40535
8.91273
9.20545
9.02205
9.14655
8.92478
8.89176
9.25052
8.96985
8.93593
9.30763
9.42811
