100
0.00490838
0.00446217
0.00446217
0.00446217
0.00446217
0.00446217
0.00401595
0.00446217
0.00446217
0.00446217
0.00446217
0.00446217
0.00446217
0.00446217
0.00401595
0.00446217
0.00446217
0.00401595
0.00446217
0.00490838
0.00401595
0.00401595
0.00446217
0.00446217
0.00446217
0.00401595
0.00446217
0.00401595
0.00401595
0.00446217
0.00490838
0.00401595
0.00401595
0.00490838
0.00446217
0.00446217
0.00401595
0.00446217
0.00446217
0.00446217
0.00446217
0.00446217
0.00446217
0.00401595
0.00446217
0.00446217
0.00446217
0.00446217
0.00446217
0.0365898
0.00446217
0.00401595
0.00401595
0.00401595
0.00446217
0.00446217
0.00401595
0.00356973
0.00446217
0.00401595
0.00446217
0.00401595
0.00446217
0.00446217
0.00446217
0.00401595
0.00401595
0.00580082
0.00446217
0.00401595
0.00446217
0.00401595
0.00401595
0.00401595
0.00446217
0.00446217
0.00401595
0.00401595
0.00624703
0.00446217
0.00401595
0.00446217
0.00446217
0.00624703
0.00401595
0.00446217
0.00446217
0.00624703
0.00669325
0.00446217
0.00490838
0.00669325
0.00401595
0.00446217
0.00446217
0.00446217
0.00446217
0.00401595
0.00446217
0.00847812
