100
0.00401595
0.00446217
0.00401595
0.00446217
0.00401595
0.00446217
0.00446217
0.00446217
0.00446217
0.00446217
0.00446217
0.00446217
0.00446217
0.00446217
0.00446217
0.00446217
0.00446217
0.00446217
0.00446217
0.00490838
0.00446217
0.00446217
0.00446217
0.00624703
0.00446217
0.00446217
0.00401595
0.00446217
0.00446217
0.00401595
0.00401595
0.00401595
0.00446217
0.00446217
0.00401595
0.00401595
0.00446217
0.00446217
0.00446217
0.00401595
0.00446217
0.00446217
0.00401595
0.00446217
0.00401595
0.00446217
0.00401595
0.00401595
0.00446217
0.00446217
0.00401595
0.00446217
0.00401595
0.00490838
0.00446217
0.00446217
0.00401595
0.00446217
0.00401595
0.00446217
0.00446217
0.00446217
0.00446217
0.00446217
0.00401595
0.00446217
0.00446217
0.00446217
0.00401595
0.00401595
0.00446217
0.00401595
0.00446217
0.00446217
0.00446217
0.00446217
0.00446217
0.00446217
0.00446217
0.00401595
0.00446217
0.00401595
0.00446217
0.00490838
0.00446217
0.00446217
0.00446217
0.00446217
0.00401595
0.00446217
0.00401595
0.00446217
0.00446217
0.00401595
0.00446217
0.00446217
0.00446217
0.00446217
0.00446217
0.00401595
