100
0.00446217
0.00446217
0.00490838
0.00446217
0.00401595
0.00446217
0.00446217
0.00401595
0.00401595
0.00446217
0.0053546
0.00490838
0.00446217
0.0053546
0.0544384
0.00446217
0.0053546
0.00490838
0.00490838
0.00490838
0.0053546
0.00490838
0.00490838
0.00446217
0.00490838
0.00446217
0.00446217
0.00490838
0.00490838
0.00446217
0.00490838
0.00490838
0.00446217
0.0053546
0.00490838
0.00401595
0.00446217
0.00446217
0.00446217
0.00446217
0.0160638
0.00446217
0.0053546
0.00446217
0.00446217
0.00446217
0.00446217
0.00446217
0.00446217
0.00446217
0.00446217
0.00490838
0.00490838
0.00490838
0.00446217
0.00446217
0.00446217
0.00446217
0.00446217
0.00446217
0.00401595
0.00401595
0.00401595
0.0053546
0.00490838
0.00446217
0.00490838
0.00490838
0.00490838
0.00490838
0.00446217
0.00446217
0.00490838
0.0053546
0.00446217
0.00490838
0.00490838
0.00446217
0.00401595
0.00490838
0.00446217
0.00401595
0.00490838
0.00401595
0.00490838
0.00490838
0.00446217
0.00401595
0.00490838
0.00490838
0.0053546
0.00490838
0.00446217
0.00490838
0.00401595
0.00490838
0.00490838
0.00446217
0.00580082
0.00490838
