100
8.60618
8.55665
8.69275
8.57985
8.60529
8.67713
8.68784
8.71149
8.71238
8.56245
8.70301
8.75566
8.52051
8.49909
8.3853
8.60618
8.60127
8.64991
8.7164
8.59413
8.58833
8.59279
8.5089
8.51471
8.53479
8.47544
8.68784
8.66999
8.6624
8.58744
8.616
8.53255
8.49373
8.76146
8.56424
8.69676
8.60618
8.76459
8.7628
8.80207
8.61198
8.75789
8.66776
8.71863
8.67044
8.66731
8.74317
8.55442
8.70212
8.70658
8.50177
8.6682
8.60841
8.62626
8.77039
8.47901
8.68204
8.50444
8.67133
8.50177
8.5571
8.52051
8.45045
8.7271
8.69364
8.57361
8.71773
8.50266
8.56602
8.63831
8.54906
8.60127
8.65571
8.5388
8.6334
8.5745
8.63161
8.6276
8.61867
8.7396
8.59592
8.74049
8.73603
8.63786
8.52497
8.42769
8.73826
8.63697
8.62581
8.61957
8.42457
8.92522
8.7213
8.63608
8.61243
8.50266
8.59859
8.67133
8.7222
8.69676
