100
4.24887
4.40014
4.35597
4.23013
4.27699
4.41264
4.31715
4.32696
4.26092
4.27609
4.28279
4.3283
4.35597
4.3988
4.28993
4.27431
4.36311
4.46217
4.47511
4.25869
4.28189
4.37382
4.3051
4.33678
4.21095
4.30554
4.28725
6.70128
4.34035
4.59514
4.48091
4.62236
4.49652
4.7058
4.35284
4.2868
4.31982
4.29751
4.30688
4.46038
4.33009
4.39434
4.31402
4.30153
4.32295
4.23727
4.35597
4.32161
4.32652
4.40416
4.34793
4.43048
4.40951
4.40505
4.48225
4.36221
4.2993
4.50456
4.28145
4.33678
4.33901
4.24887
4.30867
4.28056
4.35954
4.56792
4.32741
4.26494
4.27342
4.35061
4.34303
4.34258
4.32116
4.32161
4.31581
4.46529
4.31715
4.20827
4.26895
4.67323
4.43272
4.30911
4.37783
4.34927
4.43048
4.34749
4.364
4.41844
4.27074
4.39345
4.32919
4.31982
4.33589
4.26181
4.28056
4.29483
4.31224
4.35909
4.25111
4.28056
