100
17.3748
17.452
16.7679
17.199
17.3328
17.2574
17.2391
17.3547
17.5765
17.4578
16.8063
16.8282
17.4953
17.2864
17.0178
17.522
16.8143
17.2414
22.1261
17.0267
17.327
17.2753
16.8161
17.1802
17.199
17.0352
16.9161
16.8353
17.0553
17.2802
17.1869
17.3226
17.2655
17.4689
17.2012
17.0633
17.2793
17.0455
18.2681
17.5028
17.5363
17.2449
17.0727
17.0303
17.2293
17.2079
17.0647
17.0419
17.3029
17.7028
17.5573
17.2387
17.0544
17.112
18.825
17.2182
17.3592
16.9821
17.0473
17.4096
17.937
17.0165
17.3891
17.0905
17.2262
17.5791
17.0941
17.302
16.983
17.2882
17.1316
17.2052
17.2601
17.008
17.1807
17.4439
17.4065
17.4181
17.344
17.3471
17.4837
17.1079
16.9161
17.1017
17.3123
16.9205
17.0383
17.099
17.0789
17.3547
17.1789
16.9843
17.215
26.6686
17.2588
17.1606
16.9718
17.0138
17
17.1459
