100
0.0937055
0.208383
0.1651
0.169116
0.234264
0.249881
0.301196
0.222662
0.100845
0.153052
0.200351
0.171793
0.290487
0.197674
0.345372
0.217754
0.10263
0.198566
0.199013
0.173132
0.186519
0.193212
0.202582
0.246758
0.143236
0.217754
0.203029
0.328862
0.243634
0.197228
0.222216
0.160192
0.240511
0.256575
0.237833
0.178487
0.189196
0.20169
0.207937
0.101291
0.150375
0.160192
0.178933
0.180718
0.189642
0.202136
0.211507
0.101291
0.15216
0.228909
0.21106
0.18161
0.197674
0.202136
0.21463
0.100399
0.155283
0.1651
0.173578
0.207937
0.194104
0.204813
0.0986139
0.147251
0.156622
0.187857
0.176702
0.186072
0.195889
0.2182
0.0986139
0.149483
0.158853
0.169562
0.178933
0.189196
0.202136
0.245419
0.101291
0.153052
0.161977
0.216415
0.220877
0.191873
0.20169
0.215076
0.100845
0.154837
0.166885
0.176702
0.184287
0.194104
0.204813
0.215523
0.103076
0.156622
0.168224
0.177148
0.228463
0.196335
