100
0.847812
0.927684
1.01559
0.982123
1.14499
0.966505
0.932593
1.70812
1.71481
0.962043
0.911174
0.977661
0.998633
0.935716
0.970075
1.53543
1.21103
0.912959
0.983461
0.978999
0.966505
0.973198
0.919652
0.947318
0.888864
0.9317
0.994171
0.92233
0.958473
0.98123
0.949995
0.856736
0.933039
0.974091
0.952672
0.954904
0.908943
0.946872
0.864322
0.930808
0.987924
0.969182
0.996848
0.980338
1.06869
1.04459
0.966505
1.00756
0.959366
0.954457
0.90582
0.939732
0.980338
0.927238
0.97186
0.980784
0.949549
0.855843
0.931254
0.985693
0.934378
0.979892
0.916529
0.949995
0.854505
0.954457
0.987031
0.921884
0.995955
0.926346
0.944641
0.861198
0.93527
0.974091
0.920545
0.962935
0.920099
0.949995
0.866553
0.970967
0.995955
0.927684
0.958027
0.923222
0.950888
0.880385
1.00845
0.978553
0.922776
1.08208
0.993278
0.945087
0.859859
0.941517
0.982123
0.983908
0.956242
0.910282
0.932593
1.07226
