100
2925.14
2903.57
2917.96
2913.98
2933.02
2901.15
2907.83
2936.9
2924.78
2894.26
2873.97
2926.27
2936.54
2962.28
2913.18
2927.14
2905.8
2902.2
2920.59
2945.77
2912.8
2928.57
2906.65
2894.03
2921.17
2937.19
2891.8
2896.08
2924.43
2915.06
2930.59
2894.63
2910.32
2890.58
2897.96
2916.4
2883.3
2932.78
2918.79
2884.27
2921.99
2920.92
2926.42
2921.96
2929.58
2916.01
2885.49
2928.67
2998.25
2886.76
2951.86
2924.25
2927.05
2911.02
2926.45
2949.33
2918.24
2881.4
2931.97
2908.98
2911.25
2886.79
2920.84
2911.37
2923.48
2939.05
2906
2906.15
2925
2932.21
2912.35
2878.44
2913.26
2919.02
2902.26
2905.03
2925.27
2882.71
2902.33
2878.66
2908.39
2907.75
2898.66
2919.16
2914.99
2911.19
2907.26
2926.3
2907.85
2914.88
2883.25
2944.23
2909.01
2923.79
2910.79
2926.11
2929.09
2893.5
2927.02
2933.91
