100
168.897
171.558
170.72
170.258
168.324
168.142
167.635
166.175
166.917
166.721
166.488
167.643
166.911
168.068
168.471
166.91
166.553
167.051
167.235
167.015
166.746
170.677
169.658
168.499
167.975
169.257
168.985
169.716
168.656
170.968
169.354
170.118
169.804
169.124
168.814
169.088
168.563
168.963
169.05
168.667
166.055
166.47
166.206
166.148
165.816
165.922
165.006
164.848
164.295
165.303
166.817
167.417
167.243
168.08
171.298
172.988
169.936
170.641
169.662
169.391
169.565
167.803
168.745
169.731
166.611
166.008
166.23
165.425
166.899
168.655
168.983
168.536
168.956
168.813
168.377
168.868
168.074
168.421
166.726
167.788
166.677
167.221
167.194
165.545
164.935
165.541
165.22
165.621
164.825
164.12
165.193
164.757
165.012
166.302
165.142
165.673
165.88
166.115
168.261
167.91
