100
7.39515
7.54865
11.2429
10.0403
8.04707
7.39604
7.54909
7.54999
7.42415
7.48975
7.51295
7.44066
7.49198
7.44646
7.48707
7.41657
7.55311
7.36659
7.43977
7.52544
7.41478
7.46253
7.40898
7.4304
7.33848
7.41389
7.46387
7.40496
7.44512
7.40586
7.44066
7.33669
7.48082
7.46744
7.41166
7.52991
7.41657
7.45896
7.75346
7.55132
7.46788
7.54463
7.51116
7.59728
7.93507
7.69456
7.58345
7.45271
7.41344
7.44022
7.39961
7.442
7.46431
7.45762
7.46163
7.41434
7.43218
7.50536
7.49555
7.51741
7.54151
7.53972
7.48707
7.47324
7.37418
7.45226
7.5424
7.50492
7.50135
7.48885
7.56694
7.41032
7.43754
7.47681
7.4304
7.43932
7.44869
7.49555
7.49912
7.49198
7.4835
7.43352
7.54686
7.43754
7.45048
7.49822
7.45673
7.55489
7.40496
7.52678
7.44914
7.47056
7.37998
7.55088
7.47591
7.45673
7.46163
7.48796
7.54418
7.57944
