100
0.170009
0.280224
0.189642
0.253897
0.265945
0.274869
0.282455
0.284686
0.176256
0.227124
0.261483
0.252112
0.260591
0.311013
0.282455
0.286471
0.177148
0.229355
0.239618
0.25122
0.259698
0.26773
0.279778
0.299411
0.177148
0.237387
0.240957
0.297626
0.301196
0.33377
0.298073
0.183395
0.225786
0.233818
0.426583
0.253451
0.262822
0.273085
0.28424
0.175363
0.226232
0.236495
0.245865
0.257913
0.266391
0.275762
0.290041
0.175363
0.229355
0.238726
0.253451
0.279778
0.269069
0.28067
0.30432
0.184287
0.241849
0.402487
0.407842
0.404272
0.459157
0.418551
0.223108
0.282901
0.311013
0.249435
0.315921
0.273085
0.491731
0.500209
0.219092
0.292718
0.397133
0.440416
0.424798
0.273977
0.28067
0.290487
0.180272
0.237387
0.39624
0.297626
0.316368
0.37393
0.501547
0.493069
0.237833
0.243188
0.240957
0.310121
0.319937
0.328862
0.325292
0.289148
0.176256
0.268622
0.279332
0.293611
0.29718
0.321276
