100
703.895
714.246
708.334
706.796
706.182
707.617
727.18
715.575
707.477
708.861
709.58
704.138
711.298
700.983
697.878
695.434
703.451
722.999
701.161
703.189
708.542
702.022
709.994
706.395
702.581
704.954
688.769
709.259
710.636
704.374
700.196
704.02
714.141
705.869
708.218
704.277
706.367
701.332
707.426
708.931
711.72
709.546
710.717
700.55
698.934
709.246
711.591
708.673
701.697
717.457
708.253
715.23
710.15
710.604
714.545
697.699
714.522
715.237
706.721
704.238
702.602
718.989
712.35
710.167
712.826
712.901
712.446
719.388
713.911
717.029
720.493
716.333
705.786
717.963
716.178
720.586
716.828
714.465
712.053
712.204
725.576
708.379
706.231
711.854
706.818
706.036
716.138
701.734
712.296
712.647
711.909
712.043
706.478
712.58
711.927
712.255
701.922
710.705
706.354
700.893
