100
18.8241
17.5542
16.8862
17.1173
17.4359
17.1115
17.3159
16.9968
17.0499
17.3766
17.1124
17.0432
17.3748
17.6853
17.419
17.0999
16.9415
17.2075
17.2878
17.4542
17.153
17.0352
16.8938
17.1387
17.2034
17.5863
18.0383
18.1798
17.7331
17.5765
17.0522
17.103
17.2119
17.319
17.4895
17.0669
17.0812
17.0392
17.0856
17.2766
17.124
17.1213
17.2744
17.2405
17.0682
17.0825
17.0102
17.1013
17.0642
16.987
17.1169
17.1709
17.1137
17.1651
17.1704
17.0888
17.2967
17.0245
17.3355
17.2186
17.0169
17.4011
17.1985
17.016
17.3025
17.0767
17.2614
17.1883
17.4323
17.074
17.2525
17.1521
17.0629
17.2516
17.2338
17.435
17.1481
17.0343
18.3408
18.6353
17
17.0776
17.0053
17.1776
17.1994
17.5265
16.9576
17.033
17.004
17.1468
17.1311
17.1151
17.1066
17.1771
16.9964
17.0955
18.7915
16.9147
17.0718
17.1909
