100
4.41174
4.49474
4.59826
4.77184
4.31402
4.35731
4.35374
4.42245
4.25378
4.29573
4.31893
4.32027
4.33633
4.42201
4.30287
4.42201
4.43004
4.42513
4.35284
4.28234
4.29707
4.39791
4.38586
4.45369
4.24307
4.38051
4.5697
4.31893
4.42022
4.40594
4.31848
4.35017
4.35641
4.40728
4.42736
4.37783
4.34704
4.3399
4.40907
4.5706
4.29127
4.32429
4.47109
4.37515
4.38586
4.27342
4.46931
4.45815
4.32652
4.41085
4.40237
4.30554
4.48715
4.43852
4.36801
4.35106
4.35195
4.36935
4.37872
4.53178
4.45547
4.26762
4.31581
4.53356
4.39256
4.52464
4.37025
4.35909
4.33232
4.59603
4.3457
4.46127
4.36177
4.43896
4.33321
4.46083
4.37783
4.23236
4.37872
4.3582
4.36578
4.42335
4.22879
4.35775
4.30242
4.46574
4.42692
4.35463
4.37426
4.35507
4.3167
4.48314
4.44432
4.31581
4.2984
4.38943
4.37739
4.35374
4.2279
4.31134
