100
8.93995
8.75789
8.85606
8.66419
8.80118
8.83375
8.57138
8.54014
8.56602
8.59726
8.70033
8.91942
8.56334
8.65169
8.62269
8.54728
8.61823
8.87436
8.72309
8.48213
8.73514
8.66731
8.5571
8.74049
8.65571
8.60573
8.80073
8.53166
8.73648
8.55843
8.59993
8.53702
8.57361
8.55397
8.48302
8.52541
8.54326
8.64991
8.89934
8.58655
8.54996
8.76503
8.5388
8.5861
8.7097
8.54639
8.59681
8.56557
8.62358
8.63652
8.68427
8.65883
8.45759
8.58744
8.62849
8.61823
8.64009
8.54639
8.71193
8.63742
8.72398
8.55308
8.5272
8.57673
8.59859
8.8815
8.56022
8.51828
8.72666
9.05017
8.5504
8.67713
8.81635
8.74094
8.6334
8.47455
8.68784
8.58476
8.504
8.57227
8.76369
8.91942
8.65705
8.71059
8.6923
8.81724
8.6633
8.56602
8.64366
8.68605
8.77574
8.90068
8.82483
8.56334
8.78556
8.50177
8.65973
8.76414
8.58655
8.70613
