100
0.0954904
0.368575
0.176702
0.176256
0.196335
0.302089
0.32083
0.261483
0.163761
0.151714
0.173132
0.171347
0.184287
0.191427
0.20169
0.2182
0.102184
0.154391
0.164208
0.183841
0.184287
0.197674
0.205706
0.219985
0.103968
0.157514
0.166885
0.23114
0.187857
0.199905
0.207491
0.106646
0.157961
0.216415
0.257021
0.248096
0.193212
0.259252
0.269069
0.158407
0.209276
0.219092
0.178487
0.190088
0.34671
0.355635
0.3833
0.106646
0.157514
0.261929
0.175809
0.186519
0.289595
0.270853
0.262822
0.153499
0.158853
0.233818
0.217307
0.333324
0.277547
0.374376
0.167331
0.202582
0.184734
0.192319
0.236049
0.229802
0.358758
0.261037
0.136989
0.269069
0.179379
0.215969
0.241403
0.228909
0.230694
0.252112
0.137435
0.190534
0.206152
0.212399
0.183841
0.194104
0.25122
0.256575
0.146359
0.197228
0.212399
0.215969
0.228909
0.242742
0.248543
0.216415
0.103968
0.215076
0.173132
0.182503
0.208829
0.204813
