100
0.859413
0.928131
1.00309
0.991493
0.961151
0.862091
0.934378
0.977214
0.938394
0.958473
0.912513
0.936609
0.987031
0.928131
1.0138
0.982569
1.08163
0.912067
0.992386
1.04236
0.978999
0.965613
0.941517
0.947764
0.876816
0.941071
0.981677
0.925453
0.966505
0.913405
0.946425
0.883063
0.940625
0.987477
1.06824
0.966951
0.916529
0.944194
0.883955
0.931254
1.00577
0.932147
0.963828
0.960258
1.06155
0.989262
0.969629
0.972306
0.943302
0.991047
0.908497
0.947764
0.987477
0.930362
0.978107
0.96829
0.960258
0.864768
0.95178
0.998633
0.937501
0.97543
0.956242
0.963382
0.872353
1.13294
0.983908
0.942856
0.971414
0.916529
0.945979
0.939732
0.978107
1.07404
0.928577
0.95178
0.920991
0.968736
0.858521
0.933039
1.05976
0.994171
0.965167
0.917421
0.958473
0.860752
0.933039
0.976322
0.925899
0.95892
0.913405
0.974091
0.870122
0.936609
0.992832
0.923222
0.958027
0.912067
0.939286
1.07494
