100
2496.75
2507.55
2500.13
2486.83
2509.06
2498.25
2493.15
2488.51
2477.68
2483.18
2510.58
2489.89
2505.24
2484.38
2471.02
2499.59
2490.65
2464.25
2479.95
2476.97
2485.68
2496.54
2469.61
2490.19
2484.84
2475.21
2495.5
2488.42
2495.18
2475.06
2497.94
2465.46
2495.94
2470.3
2487.83
2510.14
2490.99
2492.31
2489.94
2494.83
2462.92
2487.23
2487.35
2482.47
2485.88
2479.51
2481.26
2483.85
2501.88
2498.16
2494.72
2478.23
2498.28
2484.58
2483.71
2466.32
2480.18
2487.45
2462.6
2480.95
2503.43
2468.1
2493.51
2476.21
2492.41
2512.94
2469.6
2464.99
2477.73
2465.58
2496.8
2471.47
2456.42
2491.56
2490.48
2485.03
2473.62
2488.99
2483.6
2496.17
2500.98
2483.74
2469.3
2509.47
2504.49
2501.46
2478.43
2470.34
2472.55
2468.89
2482.82
2464.9
2481.83
2463.23
2472.04
2484.99
2482.94
2460.85
2470.26
2473.41
