100
0.0843349
0.0780879
0.0780879
0.112447
0.0932593
0.0785341
0.114678
0.107984
0.0780879
0.080319
0.0910282
0.0785341
0.0776417
0.0767493
0.0771955
0.0807652
0.0776417
0.0838887
0.0767493
0.0834425
0.0771955
0.0785341
0.0767493
0.0767493
0.0767493
0.0767493
0.0767493
0.076303
0.0767493
0.0794266
0.0767493
0.090582
0.076303
0.076303
0.076303
0.076303
0.0767493
0.0767493
0.0767493
0.0767493
0.0767493
0.080319
0.0767493
0.0785341
0.076303
0.076303
0.076303
0.102184
0.0771955
0.0771955
0.0771955
0.0771955
0.0767493
0.076303
0.0780879
0.0771955
0.0767493
0.0834425
0.080319
0.0785341
0.0776417
0.0771955
0.0972752
0.103076
0.0780879
0.0776417
0.0771955
0.0767493
0.0767493
0.0785341
0.0785341
0.0767493
0.0812114
0.0767493
0.0767493
0.0780879
0.0767493
0.0776417
0.0789803
0.0767493
0.0767493
0.0883509
0.0767493
0.076303
0.076303
0.076303
0.112
0.0785341
0.0785341
0.0852274
0.0870122
0.0771955
0.0771955
0.0767493
0.0771955
0.0771955
0.0767493
0.076303
0.0767493
0.0767493
