100
0.562233
0.564464
0.563125
0.573388
0.565803
0.572942
0.566249
0.575619
0.5484
0.562679
0.569819
0.562233
0.575173
0.564464
0.567141
0.565356
0.56491
0.562233
0.56848
0.572942
0.563125
0.563572
0.560448
0.56848
0.567588
0.564464
0.570265
0.571157
0.56491
0.563572
0.568034
0.56491
0.564018
0.56491
0.566249
0.545723
0.561787
0.565356
0.563125
0.565356
0.563125
0.566695
0.566249
0.562679
0.561341
0.560894
0.567588
0.563572
0.575619
0.567588
0.567588
0.568034
0.561341
0.563125
0.564018
0.555093
0.560448
0.561787
0.562679
0.565356
0.562233
0.560448
0.565803
0.561787
0.567141
0.570265
0.565803
0.562679
0.566249
0.560894
0.56491
0.563125
0.561341
0.574727
0.564464
0.565803
0.563125
0.566249
0.563125
0.564464
0.567588
0.569372
0.567141
0.564464
0.562233
0.563125
0.569819
0.568034
0.562679
0.563125
0.560894
0.566249
0.572942
0.573388
0.566249
0.560894
0.56848
0.566249
0.562233
0.561787
