100
1269.29
1268.13
1271.33
1266.66
1270.02
1272.78
1266.3
1267.12
1271.05
1271.87
1274.61
1296.93
1301.6
1273.84
1270.63
1293.77
1267.75
1269.83
1268.63
1268.38
1271.28
1269.18
1275.83
1271.61
1273.36
1271.92
1280.23
1271.56
1272.39
1268.63
1270.42
1270.23
1268.06
1270.32
1271.71
1268.3
1268.37
1269.84
1269.52
1268.95
1268.14
1269.56
1268
1268.84
1268.71
1267.88
1268.34
1269.65
1275.49
1266.87
1266.15
1265.86
1265.91
1265.79
1265.83
1268.01
1268.06
1269.35
1290.57
1266.38
1266.05
1266.6
1266.12
1267.06
1265.74
1266.41
1266
1266.29
1266.91
1267.25
1269.25
1269.85
1268.62
1268.99
1268.24
1270.15
1268.4
1267.15
1267.85
1268.5
1267.02
1266
1268.6
1266.88
1267.63
1266.76
1266.83
1266.94
1265.7
1265.83
1265.89
1266.18
1265.51
1265.62
1266.11
1274.06
1270.92
1274.1
1269.88
1270.23
