100
12.7618
14.9541
12.8867
13.2388
13.2923
12.6966
12.7466
12.802
12.6743
12.8528
14.4713
18.6496
12.6846
17.2628
14.1991
12.8287
12.7747
12.9287
12.7042
12.7234
12.9617
12.6824
12.7176
12.6699
12.8573
12.6708
12.7069
12.7011
12.6859
12.6471
12.6922
12.7163
12.6676
12.6873
12.6855
12.6989
12.6931
12.7082
12.7038
12.6873
12.8211
12.6743
12.7176
14.0237
12.6989
12.669
12.6618
12.6864
12.7395
12.7127
12.6743
12.6632
12.6083
12.6886
12.7051
12.6917
12.6676
12.7216
12.7332
12.6779
12.6703
12.7912
12.6984
12.6944
12.6926
12.685
12.7564
12.814
12.7047
12.7979
12.677
12.6708
12.6641
13.0688
12.9215
12.6596
12.7185
12.6721
12.6855
12.6663
12.7453
12.7082
12.727
12.6859
12.6953
12.6962
12.7154
12.9403
12.6788
12.6672
12.6877
12.6712
12.8238
12.6846
12.6824
12.6672
12.9505
12.6511
12.6712
12.6766
