100
638.937
632.864
631.272
640.988
636.652
640.02
639.125
636.134
623.645
639.685
641.357
636.244
632.494
636.311
637.2
643.165
647.953
634.102
634.676
634.138
645.52
632.913
633.899
637.193
632.507
669.511
650.775
648.801
639.169
638.395
638.934
637.914
634.881
639.116
640.242
632.385
635.076
642.825
643.077
640.151
636.73
638.325
638.946
643.548
635.762
636.665
636.352
642.385
633.677
631.785
631.646
637.235
638.449
630.977
634.328
631.839
644.968
636.648
636.401
643.513
632.986
635.25
635.864
640.423
637.096
634.36
634.848
633.98
637.434
646.203
647.508
634.643
637.736
641.065
640.541
637.354
636.118
646.274
646.591
632.18
651.01
642.339
638.987
638.931
638.604
638.304
633.256
633.083
637.362
642.241
634.477
634.139
640.697
640.241
632.19
630.862
666.698
640.522
641.529
640.68
