100
0.134311
0.13565
0.134311
0.133865
0.135204
0.133865
0.133419
0.133865
0.133865
0.133419
0.139666
0.134311
0.133419
0.133419
0.133419
0.133865
0.136989
0.134311
0.133419
0.133419
0.135204
0.136989
0.134311
0.133865
0.134757
0.133865
0.135204
0.133865
0.133865
0.133419
0.134757
0.135204
0.150821
0.135204
0.134311
0.134311
0.137435
0.135204
0.134311
0.133865
0.133419
0.136989
0.133419
0.140558
0.133865
0.133865
0.133865
0.133419
0.133419
0.138773
0.133865
0.133865
0.134757
0.133419
0.133419
0.134311
0.136989
0.135204
0.137881
0.13565
0.135204
0.169562
0.159299
0.208383
0.153945
0.139666
0.20169
0.201244
0.191427
0.204813
0.180272
0.195443
0.196782
0.174917
0.221323
0.182056
0.14502
0.20526
0.17224
0.199459
0.135204
0.138773
0.220877
0.212845
0.134311
0.135204
0.136542
0.135204
0.139666
0.220877
0.134311
0.133865
0.139666
0.215523
0.137435
0.215076
0.139666
0.134757
0.133865
0.13922
