100
0.299411
0.288256
0.288702
0.290487
0.291826
0.319045
0.289148
0.286471
0.288256
0.288256
0.299411
0.287364
0.288256
0.292718
0.289148
0.289148
0.289148
0.277547
0.288702
0.288702
0.290487
0.28781
0.286917
0.287364
0.286917
0.29718
0.288256
0.287364
0.288256
0.291379
0.286917
0.287364
0.310121
0.287364
0.288702
0.28781
0.28781
0.28781
0.292718
0.282455
0.286471
0.289595
0.286025
0.287364
0.288256
0.28781
0.286471
0.289595
0.286917
0.292718
0.28781
0.290041
0.287364
0.28781
0.290933
0.28781
0.28781
0.290933
0.28781
0.278439
0.298073
0.293164
0.290041
0.290487
0.294503
0.286471
0.286917
0.285132
0.288702
0.286025
0.285579
0.289148
0.292272
0.286917
0.276654
0.290487
0.286471
0.288702
0.291379
0.289148
0.290041
0.298519
0.28781
0.289148
0.288256
0.287364
0.28781
0.288256
0.288702
0.287364
0.294503
0.286471
0.277993
0.291826
0.287364
0.298073
0.287364
0.278885
0.303874
0.286025
