100
162.507
160.961
161.044
163.438
163.294
163.853
163.073
163.65
163.466
164.587
169.096
163.239
163.158
159.44
159.271
159.728
159.428
159.968
163.206
163.138
162.74
162.878
163.772
165.57
163.278
162.492
162.641
161.917
163.092
162.438
165.433
165.028
164.199
164.257
164.619
164.182
174.194
162.297
161.761
162.082
162.663
162.83
161.261
161.144
160.176
161.072
161.702
161.279
161.69
161.139
161.726
164.198
160.944
161.393
161.602
161.651
162.143
164.573
163.056
162.554
161.629
159.352
159.151
159.651
159.341
159.764
164.675
164.494
164.593
164.526
164.566
161.681
161.936
162.116
161.992
162.25
162.419
162.972
167.933
163.366
162.966
163.082
163.056
162.966
163.168
165.418
163.93
164.095
164.41
164.808
160.505
161.049
161.505
161.491
161.285
167.397
163.887
163.525
163.614
162.443
