100
0.0606855
0.0602392
0.0606855
0.0629165
0.0606855
0.0606855
0.0892433
0.0611317
0.0731795
0.0682711
0.0602392
0.101291
0.0606855
0.0611317
0.0611317
0.0986139
0.0620241
0.0611317
0.0611317
0.0682711
0.0566695
0.0606855
0.0615779
0.0602392
0.0624703
0.0606855
0.0611317
0.0615779
0.0606855
0.0606855
0.0606855
0.0602392
0.0606855
0.0629165
0.0602392
0.0606855
0.0611317
0.0602392
0.0602392
0.0606855
0.0606855
0.0602392
0.0624703
0.0602392
0.0745182
0.0602392
0.0606855
0.0611317
0.0606855
0.0606855
0.0825501
0.0647014
0.0629165
0.059793
0.0602392
0.0584544
0.0589006
0.0602392
0.0606855
0.0629165
0.0606855
0.0606855
0.0602392
0.0834425
0.0611317
0.0615779
0.0606855
0.0606855
0.0687174
0.0606855
0.0611317
0.059793
0.0687174
0.0941517
0.0620241
0.0624703
0.0696098
0.0705022
0.0602392
0.0606855
0.0629165
0.0606855
0.0602392
0.0606855
0.0807652
0.0606855
0.0602392
0.059793
0.0611317
0.0602392
0.0606855
0.0606855
0.0602392
0.0651476
0.0602392
0.0602392
0.0606855
0.059793
0.0602392
0.0624703
