100
6.67228
6.51967
6.58705
6.52592
6.51789
6.53038
6.56697
6.51164
6.60534
6.52413
6.53083
6.5344
6.51075
6.53038
6.51476
6.50807
6.5344
6.63435
6.51342
6.52681
6.51342
6.71021
6.63926
6.61025
6.63123
6.61605
6.6406
6.7575
6.59865
6.63435
6.62052
6.60222
6.59642
6.74501
6.61159
6.62899
6.67138
6.6049
6.75037
6.64372
6.6049
6.59999
6.65577
6.63078
6.68834
6.61873
6.77758
6.5991
6.72359
6.60267
6.60267
6.6464
6.60534
6.68076
6.75349
6.70173
6.67049
6.61962
6.59464
6.67272
6.62409
6.61338
6.61828
6.60356
6.68031
6.66603
6.60311
6.59687
6.59999
6.60177
6.61338
6.65621
6.63167
6.65175
6.57322
6.67005
6.63792
6.5518
6.51833
6.47683
6.57143
6.51789
6.46969
6.45765
6.53886
6.46479
6.47594
6.45363
6.46568
6.46657
6.46479
6.47193
6.47237
6.5692
6.50316
6.45809
6.49424
6.46523
6.47773
6.61739
