100
316.664
318.022
317.254
317.267
317.117
318.091
317.655
317.332
317.238
317.039
317.586
317.983
318.775
316.903
316.883
316.646
317.088
316.98
317.693
317.994
317.643
317.213
317.184
317.763
317.289
317.337
318.484
318.018
319.878
316.955
317.166
317.14
316.111
316.704
316.277
316.911
316.397
317.285
316.529
316.385
316.598
316.509
316.638
316.498
316.272
316.965
316.635
316.485
316.405
316.58
316.357
316.71
316.924
316.321
316.142
316.446
316.612
316.452
316.375
316.913
316.695
316.758
316.936
316.584
321.676
317.161
317.499
316.675
317.976
317.338
317.21
316.971
317.819
316.754
316.948
332.049
317.663
317.731
316.937
318.292
317.84
317.104
317.057
317.011
318.38
317.445
317.212
317.562
323.861
320.113
317.032
317.37
317
317.876
317.413
316.879
316.998
321.114
318.888
316.698
