100
5112.94
5079.2
5087.14
5079.56
5068.4
5071.83
5079.36
5077.22
5080.07
5086.55
5081.48
5106.84
5074.52
5073.76
5069.95
5086.27
5070.89
5070.73
5071.92
5074.47
5068.2
5071.65
5081.37
5090.83
5071.94
5077.88
5078.36
5070.8
5072.14
5080.98
5075.15
5080.56
5077.27
5093.92
5090.7
5069.17
5065.07
5074.46
5073.1
5075.6
5075.7
5071.72
5070.04
5068.18
5091.15
5075.9
5078.14
5072.1
5081.82
5073.18
5072.87
5075.32
5074.05
5076.11
5070.48
5100.6
5065.76
5065.76
5064.54
5066.76
5065.46
5082.39
5074.66
5081.5
5072.73
5075.29
5096.62
5073.47
5073.54
5065.87
5066.8
5064.54
5064.36
5065.7
5065.16
5065.14
5065.16
5065.52
5090.59
5102.33
5079.42
5076.29
5076.74
5083.77
5070.08
5079.31
5076.1
5071.94
5100.94
5090.94
5077.22
5074.63
5073.09
5076.93
5074.21
5074.21
5071.24
5073.77
5078.19
5096.53
