100
1.12536
1.12759
1.16061
1.1209
1.12045
1.1267
1.12714
1.15525
1.12536
1.13071
1.13071
1.12625
1.18827
1.12536
1.14901
1.13518
1.12268
1.1258
1.12893
1.11911
1.12536
1.16195
1.12045
1.1441
1.14901
1.10483
1.11956
1.13071
1.12045
1.11956
1.12447
1.14098
1.14365
1.12491
1.12223
1.12179
1.11019
1.11956
1.1325
1.13294
1.203
1.10929
1.10617
1.13473
1.12447
1.12268
1.12759
1.12848
1.1325
1.12714
1.12313
1.12313
1.12
1.10751
1.12491
1.12179
1.15882
1.13339
1.12179
1.11019
1.1267
1.12179
1.13741
1.1682
1.12
1.1267
1.12223
1.12848
1.14499
1.12223
1.1325
1.13205
1.12804
1.13294
1.12759
1.1267
1.19809
1.12714
1.13071
1.13205
1.12625
1.12937
1.12402
1.12759
1.12313
1.12759
1.13294
1.12625
1.13785
1.1258
1.12714
1.13116
1.11867
1.12357
1.13384
1.13161
1.13071
1.19363
1.12357
1.1258
