100
0.0107092
0.0124941
0.0107092
0.0107092
0.0120478
0.0142789
0.0151714
0.0107092
0.00981677
0.0111554
0.0120478
0.0107092
0.010263
0.00981677
0.010263
0.010263
0.010263
0.00981677
0.010263
0.010263
0.0107092
0.010263
0.00981677
0.010263
0.00937055
0.0120478
0.0107092
0.0107092
0.00981677
0.00981677
0.00981677
0.010263
0.00981677
0.00981677
0.00981677
0.010263
0.0160638
0.010263
0.00981677
0.00937055
0.010263
0.00981677
0.010263
0.00981677
0.00937055
0.0151714
0.0111554
0.00981677
0.010263
0.010263
0.00981677
0.00981677
0.00981677
0.00937055
0.00981677
0.00981677
0.00981677
0.0232033
0.010263
0.010263
0.010263
0.010263
0.010263
0.010263
0.0111554
0.0107092
0.00981677
0.0116016
0.0107092
0.0116016
0.0160638
0.00981677
0.00981677
0.00981677
0.010263
0.010263
0.010263
0.010263
0.00981677
0.010263
0.010263
0.00981677
0.00981677
0.00981677
0.00937055
0.00981677
0.010263
0.0107092
0.00981677
0.010263
0.0107092
0.00981677
0.00981677
0.010263
0.010263
0.00981677
0.010263
0.010263
0.00981677
0.00981677
