100
10110.2
10119.8
10129.9
10116.1
10127
10123.8
10122.5
10114.6
10227.3
10152.9
10149.9
10120.5
10121.9
10123.1
10137.1
10125.1
10115.8
10110.7
10118.6
10127.1
10117.2
10111.7
10115
10178.1
10152.9
10108
10112.4
10117.2
10120.4
10118.7
10113.2
10137.9
10102.1
10121.9
10102.7
10093.3
10130.9
10123.5
10113.6
10115.6
10110.7
10118
10127.6
10107.8
10112.4
10114.1
10130
10114.8
10132.8
10156.1
10144.3
10183.2
10124.6
10119.5
10125.9
10119.3
10119.8
10116.7
10119.1
10122.4
10113.8
10117.5
10130.9
10142.1
10141.4
10142.4
10171.1
10117.1
10113.6
10107.2
10113.6
10140.9
10093.3
10099
10096.1
10094.9
10116.6
10140
10116.4
10114.9
10109.7
10116.8
10126
10113.7
10113.5
10108.9
10139.2
10206
10324.5
10208.3
10111.4
10111.9
10115.3
10124
10131
10119.3
10118.9
10109.6
10120.1
10117.7
