100
2531.75
2530.19
2534.88
2533.58
2527.27
2530.51
2528.59
2527.45
2529.17
2531.93
2528.79
2527.87
2530.9
2529.36
2527.82
2527.38
2528.7
2529.19
2530.58
2549.41
2535.35
2536
2524.89
2525.91
2524.17
2525.6
2527.26
2539.18
2536.73
2530.59
2530.86
2529.69
2531.51
2528.69
2523.11
2523.87
2523.2
2525.53
2524.9
2525.88
2525.5
2523.73
2537.86
2530.56
2533.66
2531.44
2530.57
2532.91
2529.29
2531.47
2531.88
2530.67
2527.18
2525.38
2527.88
2533.98
2539.61
2531.84
2529.75
2529.28
2527.09
2528.05
2530.43
2523.66
2530.25
2551.57
2524.72
2524.44
2524.4
2524.07
2525.3
2524.17
2524.67
2524.48
2527.06
2526.54
2530.31
2528.92
2528.14
2528.46
2529.04
2527.95
2527.65
2531.07
2527.81
2529.21
2530.84
2550.63
2527.96
2528.12
2525.67
2527.2
2529.31
2528.38
2527.46
2528.48
2527.79
2529.16
2530.08
2525.86
