100
634.782
632.984
631.705
631.892
632.777
631.438
632.354
632.015
632.62
631.515
634.119
632.872
631.439
632.975
632.427
631.465
631.876
632.919
632.449
632.203
632.447
631.971
632.536
633.395
631.948
634.395
633.713
632.362
632.999
632.262
631.8
639.154
632.29
632.438
633.277
633.13
631.809
632.807
632.375
631.614
632.52
632.919
631.138
631.83
636.35
631.495
632.593
631.308
632.575
632.612
632.063
631.454
631.341
632.124
633.869
632.748
635.889
632.849
632.913
633.28
632.318
633.051
634.302
637.839
632.969
633.257
633.446
632.592
632.411
632.894
636.666
631.357
632
632.758
631.073
631.886
633.471
632.206
635.455
633.667
633.038
633.748
632.44
632.161
632.894
633.39
631.922
632.986
649.979
634.96
632.82
631.734
633.291
634.042
634.28
634.213
633.899
635.073
632.178
631.729
