100
25.3
25.3259
25.4103
25.2692
25.3281
25.2911
25.5807
25.2742
25.3192
25.2746
25.3643
25.3884
25.3232
25.5285
25.354
25.5214
25.3139
25.5968
25.682
25.4263
25.3768
25.7114
25.5544
25.7092
25.5776
25.2822
25.2728
25.3737
25.3041
25.387
25.4205
25.3331
25.5075
25.7681
25.3759
25.2715
25.4071
25.3353
25.4343
25.3616
25.504
25.3009
25.5646
25.3121
25.5075
25.2255
25.284
25.3598
25.2893
25.28
25.3625
25.5098
25.2817
25.2893
25.2675
25.3514
25.3589
25.2545
25.3411
25.3344
25.3754
25.3598
25.5593
25.3362
25.4085
25.3058
25.4723
25.3188
25.2576
25.2764
25.6592
25.4799
25.3406
25.4076
25.3389
25.4526
25.3067
25.271
25.2612
25.4598
25.3348
25.3041
25.3076
25.2849
25.317
25.2746
25.2746
25.4558
25.5615
25.3643
25.3714
25.2853
25.3768
25.2911
25.3955
28.1081
25.8444
29.2656
27.0505
25.4357
