100
0.268622
0.263714
0.263268
0.263268
0.313244
0.262822
0.262822
0.263268
0.26416
0.266391
0.28781
0.262822
0.262822
0.428814
0.262822
0.262822
0.264606
0.262822
0.278885
0.266391
0.265945
0.262375
0.289148
0.311905
0.263268
0.262822
0.273977
0.26416
0.266391
0.26416
0.403826
0.42926
0.348941
0.325292
0.315921
0.296288
0.262375
0.263714
0.26416
0.298073
0.262822
0.262822
0.26416
0.263714
0.263268
0.262822
0.263714
0.263268
0.264606
0.263268
0.265053
0.265499
0.344479
0.348941
0.315921
0.265053
0.300304
0.31369
0.385531
0.319937
0.270853
0.271746
0.344925
0.376607
0.26773
0.306551
0.310121
0.265053
0.26416
0.334216
0.266838
0.265945
0.264606
0.264606
0.266391
0.265499
0.265945
0.264606
0.30432
0.302089
0.265053
0.265499
0.267284
0.265053
0.264606
0.266838
0.26773
0.301196
0.426137
0.263714
0.26416
0.265053
0.263268
0.266391
0.265499
0.26416
0.26416
0.264606
0.265053
0.26416
