100
85.9386
87.0734
85.9641
85.2756
86.4308
85.7445
83.555
84.7459
83.6348
84.0569
83.8624
84.8753
83.5429
83.6906
85.6647
83.6696
83.4376
84.1364
84.0877
84.1935
83.8325
84.0855
84.7535
85.3501
85.9476
83.6487
85.5402
83.9365
84.1413
84.6928
84.5763
85.5661
85.0373
87.433
84.4184
84.1944
85.031
83.7111
84.9012
84.1399
83.6701
85.4268
85.2818
87.28
83.8673
85.268
85.3514
85.8543
85.0168
85.2488
84.9239
85.1939
85.4063
84.6817
84.0967
84.841
83.9762
85.0922
84.8267
84.459
85.7079
85.3483
94.5122
84.5116
84.7499
84.2787
84.8106
85.712
86.1269
84.9927
84.7526
86.8217
85.6437
86.8271
84.9498
85.8699
85.1203
85.9574
84.1805
85.2002
87.354
84.3559
85.8284
85.1341
85.8253
84.1725
85.6763
84.9489
85.1546
86.525
87.276
87.2858
86.5071
86.0582
84.7178
86.1484
85.0841
86.749
85.9913
86.4438
