100
1.02674
1.03835
1.02362
1.05843
1.04192
1.02139
1.0495
1.08966
1.03701
1.9223
1.04325
1.05887
1.02139
1.0553
1.02317
1.03835
1.03433
1.01827
1.04415
1.0321
1.03567
1.03611
1.01693
1.02362
1.04772
1.03433
1.00265
0.992832
1.01782
1.01916
1.00979
1.0379
0.970967
1.04549
0.996848
1.01202
0.984354
1.04147
1.08431
0.987477
1.03076
1.04058
0.990155
1.03879
0.995509
1.02541
0.98123
1.00979
1.008
1.05173
1.07984
0.986585
1.04995
1.03835
0.998187
1.04995
1.03388
1.0669
1.15882
1.0205
1.15124
0.999079
1.02273
1.00086
1.02541
0.993278
1.02362
1.04727
1.04102
0.999971
1.01336
1.02898
0.989262
1.18917
1.01648
1.01202
1.02451
1.12223
1.03344
0.99774
1.09859
0.999971
0.996848
1.03031
0.97543
1.0553
1.02541
1.02139
1.0138
0.997294
1.01604
1.0205
0.995955
1.03388
0.99194
1.01782
1.02005
0.996402
1.01068
0.993278
