100
0.0530998
0.0633628
0.0321276
0.0383746
0.0388208
0.0383746
0.037036
0.0348049
0.0383746
0.0446217
0.0406057
0.0397133
0.0374822
0.037036
0.0361435
0.0374822
0.0383746
0.0379284
0.037036
0.0414981
0.0334662
0.0374822
0.0392671
0.0379284
0.0406057
0.0383746
0.0334662
0.0365898
0.0379284
0.0379284
0.0379284
0.0352511
0.0312352
0.0361435
0.0374822
0.0388208
0.0419444
0.0365898
0.0321276
0.0374822
0.0379284
0.0428368
0.0419444
0.0348049
0.0316814
0.0365898
0.0388208
0.0379284
0.037036
0.0348049
0.0307889
0.0361435
0.0397133
0.0383746
0.0374822
0.0348049
0.0307889
0.0379284
0.0392671
0.0397133
0.0383746
0.0374822
0.0339125
0.0437292
0.0414981
0.0410519
0.0383746
0.0361435
0.0348049
0.0441754
0.043283
0.0414981
0.0410519
0.0383746
0.0339125
0.0383746
0.0401595
0.0450679
0.0423906
0.0388208
0.0352511
0.0629165
0.0464065
0.047299
0.0419444
0.0392671
0.0450679
0.0428368
0.0419444
0.0401595
0.0361435
0.0397133
0.0450679
0.0450679
0.0437292
0.0419444
0.0365898
0.0414981
0.0450679
0.0428368
