100
335.008
337.23
339.284
335.252
340.352
338.246
335.535
337.464
337.33
335.158
340.747
336.447
334.616
340.037
348.428
338.299
335.488
336.06
342
345.032
348.38
338.675
346.883
344.177
338.911
340.684
336.343
337.115
339.57
337.884
342.071
338.399
339.325
341.218
342.858
343.312
341.648
338.084
339.325
339.985
340.945
341.73
341.363
350.604
339.453
343.988
337.584
336.442
341.567
338.884
342.741
338.067
336.782
341.603
340.105
340.461
337.786
337.835
343.056
344.062
339.4
338.579
351.817
371.813
341.103
341.117
339.927
336.857
342.61
341.009
342.992
343.085
343.687
343.854
341.713
347.393
344.524
343.873
346.738
346.951
343.701
360.905
344.661
342.898
340.711
344.65
365.652
345.564
343.419
346.53
344.69
358.01
345.31
344.263
342.48
338.221
343.266
340.594
342.082
356.823
