100
21.4987
21.5871
21.7348
28.8974
22.2078
21.8954
25.0622
21.6785
21.65
21.4844
21.6808
21.4902
21.4987
21.4599
21.4148
21.4934
21.505
21.6049
21.2546
21.7504
21.384
21.1716
21.8182
22.1346
21.5447
21.4005
21.6071
21.2006
21.3524
21.5429
21.4876
21.5951
21.5598
21.2716
21.4541
21.1475
21.0944
21.6826
21.2993
21.7589
21.3907
20.9276
21.3234
21.5697
21.0744
21.293
21.2769
21.2292
21.3903
21.3434
21.1221
21.5987
22.0882
22.193
21.8816
21.5915
21.5911
21.6143
21.1458
21.4898
21.3118
20.9713
21.3122
22.0181
21.351
21.2221
21.2096
21.0802
21.322
21.2711
22.0034
21.4028
21.4385
21.1922
21.4737
21.252
21.1774
21.3483
21.1467
21.3707
21.5866
21.2894
23.1421
22.9056
22.2064
24.0953
30.7555
21.9548
22.3974
22.1899
21.8227
21.6669
21.5955
22.0654
22.0239
21.6897
21.6451
21.7615
21.6281
21.3997
