5000
0.400703
0.458711
0.285579
0.0990601
0.264606
0.357866
0.0562233
0.177594
0.277101
0.252559
0.435507
0.290487
0.306551
0.0874585
0.189642
0.360543
0.276208
0.40338
0.311905
0.189642
0.338678
0.178933
0.362328
0.277547
0.119586
0.164654
0.28781
0.187857
0.100399
0.270407
0.0437292
0.363667
0.374376
0.0691636
0.0928131
0.238726
0.220431
0.123602
0.0365898
0.204813
0.337786
0.106646
0.222662
0.291826
0.447109
0.159299
0.373037
0.225786
0.336447
0.182503
0.267284
0.256575
0.149036
0.346264
0.443093
0.385085
0.448448
0.393117
0.383746
0.0660401
0.388208
0.253897
0.361435
0.227124
0.201244
0.0856736
0.364113
0.105307
0.237387
0.445324
0.450679
0.103522
0.278439
0.221323
0.315029
0.178933
0.332878
0.0285579
0.182949
0.344479
0.39044
0.0825501
0.240065
0.0829963
0.338232
0.28067
0.388208
0.19812
0.0758568
0.302535
0.432384
0.16867
0.146805
0.418105
0.28781
0.0995063
0.21106
0.086566
0.0780879
0.0182949
0.162423
0.171347
0.331539
0.305212
0.0236495
0.203029
0.112
0.380623
0.44577
0.277547
0.0459603
0.0995063
0.328415
0.310121
0.242296
0.144128
0.249435
0.442647
0.268622
0.358758
0.272192
0.130295
0.412304
0.261483
0.278885
0.121371
0.271746
0.493516
0.11914
0.443986
0.0673787
0.270853
0.257467
0.0513149
0.416766
0.0999525
0.412304
0.375268
0.329308
0.131188
0.199013
0.0196335
0.435061
0.113785
0.400703
0.199459
0.22177
0.334216
0.140112
0.147698
0.376607
0.173578
0.416766
0.365451
0.261929
0.385085
0.336894
0.20526
0.328415
0.35742
0.0499763
0.0468527
0.184734
0.378392
0.450679
0.506456
0.43997
0.302981
0.437292
0.186072
0.117801
0.0709484
0.31369
0.063809
0.433276
0.127618
0.01651
0.142789
0.364113
0.312798
0.44577
0.411412
0.180718
0.273531
0.39044
0.25479
0.244973
0.335109
0.0285579
0.442647
0.0486376
0.248543
0.435954
0.234264
0.224001
0.209276
0.223108
0.0651476
0.404718
0.143682
0.0303427
0.297626
0.369914
0.351619
0.233371
0.0464065
0.331539
0.254343
0.223555
0.194997
0.43997
0.114678
0.381961
0.201244
0.0499763
0.520735
0.427029
0.229355
0.358312
0.0874585
0.315921
0.0562233
0.121371
0.18875
0.437739
0.319491
0.257467
0.0187411
0.114231
0.257913
0.239172
0.552416
0.0624703
0.301196
0.331093
0.12851
0.400256
0.424352
0.162869
0.119586
0.37393
0.0874585
0.415428
0.163315
0.143236
0.0709484
0.0651476
0.40695
0.0276654
0.387316
0.314583
0.436846
0.435061
0.440862
0.221323
0.283348
0.0977214
0.339125
0.244527
0.157961
0.157961
0.179379
0.356081
0.335109
0.30432
0.263714
0.0758568
0.282901
0.343141
0.186965
0.114231
0.444878
0.398471
0.190981
0.454695
0.0562233
0.411412
0.452464
0.0392671
0.047299
0.283794
0.0571157
0.25479
0.132526
0.378392
0.381961
0.175363
0.370806
0.437292
0.120032
0.369021
0.400256
0.0990601
0.195443
0.39044
0.0861198
0.356527
0.274869
0.402934
0.144128
0.174917
0.237833
0.331539
0.26773
0.299858
0.186072
0.177594
0.30075
0.447555
0.198566
0.350726
0.403826
0.115124
0.372145
0.443093
0.361882
0.234264
0.264606
0.188303
0.0870122
0.145913
0.296734
0.1062
0.30075
0.43997
0.287364
0.147251
0.269961
0.306551
0.441754
0.379284
0.239172
0.13208
0.0673787
0.237833
0.0941517
0.0713947
0.0713947
0.412304
0.340909
0.421675
0.345818
0.368575
0.0249881
0.356527
0.439523
0.255236
0.0142789
0.295395
0.150375
0.314583
0.123602
0.527874
0.0477452
0.367682
0.41632
0.315029
0.180718
0.11557
0.357866
0.279332
0.406503
0.0187411
0.318152
0.26773
0.140558
0.0414981
0.310121
0.262822
0.124941
0.0508687
0.242296
0.385531
0.139666
0.127172
0.192319
0.294503
0.318599
0.155283
0.311905
0.120478
0.422567
0.2182
0.156176
0.242742
0.160638
0.354296
0.42346
0.393117
0.33734
0.388655
0.230694
0.149036
0.238726
0.132526
0.135204
0.10263
0.150375
0.411412
0.219985
0.124494
0.125387
0.460496
0.0325738
0.302535
0.176702
0.108877
0.047299
0.0847812
0.0548846
0.0142789
0.276208
0.177148
0.405165
0.0343587
0.174024
0.103076
0.04953
0.202582
0.181164
0.352957
0.0825501
0.0522073
0.0468527
0.115124
0.216415
0.315921
0.425691
0.111108
0.0437292
0.0325738
0.294949
0.437292
0.444432
0.375714
0.137435
0.231586
0.128957
0.418551
0.435954
0.321722
0.389547
0.415428
0.235602
0.401149
0.0548846
0.159746
0.289148
0.340463
0.287364
0.268622
0.235602
0.174024
0.0606855
0.332431
0.0602392
0.186965
0.443539
0.277993
0.300304
0.0705022
0.117355
0.315029
0.398471
0.376161
0.0133865
0.140112
0.020526
0.255236
0.186965
0.371698
0.380177
0.299858
0.026773
0.186965
0.326184
0.276654
0.438631
0.149036
0.116463
0.0629165
0.116463
0.154391
0.209722
0.113339
0.217307
0.101737
0.402487
0.0651476
0.440862
0.351619
0.41989
0.241403
0.23471
0.438631
0.229802
0.180718
0.168224
0.146805
0.308336
0.365451
0.349834
0.348049
0.318152
0.336894
0.113785
0.241403
0.23114
0.0919206
0.451571
0.373483
0.31369
0.37036
0.25122
0.0655938
0.0606855
0.269069
0.356527
0.461834
0.647907
0.470312
0.189196
0.0298965
0.286917
0.195443
0.342694
0.216415
0.215969
0.222216
0.253005
0.113785
0.311905
0.307889
0.42346
0.444432
0.0575619
0.362774
0.248543
0.201244
0.182056
0.383746
0.223555
0.291379
0.200797
0.0771955
0.127172
0.270853
0.31726
0.272192
0.41989
0.275762
0.442201
0.216415
0.211507
0.370806
0.0928131
0.284686
0.0406057
0.290933
0.335109
0.0272192
0.317706
0.194104
0.401595
0.159746
0.439523
0.0513149
0.295395
0.434169
0.232925
0.225339
0.223108
0.43283
0.295395
0.0397133
0.367682
0.074072
0.459603
0.0914744
0.369467
0.14859
0.11557
0.400703
0.0816576
0.311013
0.387762
0.460942
0.437739
0.255236
0.170901
0.203921
0.215523
0.405611
0.191427
0.0174024
0.194997
0.317706
0.174471
0.397579
0.437292
0.0852274
0.24408
0.227124
0.466743
0.100845
0.467189
0.193212
0.28067
0.0236495
0.111554
0.365898
0.264606
0.253005
0.105307
0.133419
0.228909
0.42926
0.409627
0.39044
0.109323
0.404718
0.215969
0.437739
0.183841
0.435507
0.340017
0.3833
0.286917
0.362774
0.15216
0.0825501
0.0776417
0.480129
0.112447
0.43997
0.0285579
0.0200797
0.425244
0.0687174
0.142343
0.190088
0.456033
0.215969
0.203475
0.0160638
0.0901358
0.070056
0.0999525
0.431491
0.385085
0.306551
0.416766
0.290487
0.0870122
0.151714
0.1062
0.362774
0.344033
0.300304
0.0977214
0.327969
0.279332
0.374822
0.325292
0.35742
0.0468527
0.286917
0.142789
0.398025
0.365005
0.0464065
0.424798
0.137435
0.102184
0.203029
0.277101
0.46228
0.138773
0.165546
0.0343587
0.230248
0.286025
0.112893
0.174471
0.290041
0.0901358
0.260591
0.418105
0.441754
0.253005
0.306105
0.262375
0.392671
0.307443
0.379284
0.126726
0.45291
0.112
0.186965
0.182949
0.40338
0.208829
0.21106
0.100399
0.124048
0.00669325
0.265499
0.308782
0.258806
0.425244
0.234264
0.207937
0.212399
0.43997
0.290487
0.502886
0.371698
0.136542
0.0379284
0.441754
0.118247
0.447555
0.204813
0.375714
0.438185
0.36322
0.368129
0.344479
0.294503
0.371698
0.239172
0.422567
0.257021
0.334216
0.184287
0.335109
0.063809
0.224001
0.203921
0.112893
0.305212
0.184287
0.328415
0.381515
0.434615
0.311905
0.120925
0.186072
0.352065
0.22177
0.329308
0.212845
0.357866
0.341802
0.371698
0.170009
0.0932593
0.434615
0.107092
0.293611
0.168224
0.315475
0.200797
0.333324
0.0963828
0.199013
0.190981
0.343141
0.297626
0.0441754
0.315029
0.317706
0.452464
0.158407
0.142789
0.374822
0.126279
0.0477452
0.282455
0.360543
0.452464
0.133419
0.305212
0.179379
0.411858
0.395794
0.485484
0.114231
0.319045
0.236049
0.111108
0.35385
0.0339125
0.355188
0.0691636
0.156176
0.423013
0.281563
0.380177
0.327969
0.385085
0.0285579
0.404718
0.205706
0.111108
0.295395
0.16153
0.43283
0.195889
0.429707
0.0834425
0.18875
0.433276
0.290487
0.41275
0.0821039
0.204367
0.281116
0.0928131
0.292272
0.187411
0.394902
0.162869
0.428814
0.396687
0.156622
0.431491
0.0838887
0.338678
0.135204
0.425244
0.315475
0.410519
0.0999525
0.137881
0.0379284
0.17224
0.378838
0.193658
0.166885
0.204813
0.219539
0.726887
0.0736257
0.320384
0.184287
0.149036
0.0941517
0.256128
0.355188
0.417659
0.0365898
0.404272
0.377945
0.314583
0.365005
0.11557
0.202582
0.103522
0.381961
0.338678
0.179825
0.290487
0.265499
0.227124
0.195889
0.325292
0.458711
0.402041
0.31369
0.376161
0.0995063
0.0218646
0.270853
0.253451
0.238726
0.360989
0.317706
0.4364
0.146805
0.0932593
0.21106
0.106646
0.361435
0.315029
0.226678
0.0678249
0.120925
0.468527
0.202582
0.389101
0.146805
0.334662
0.329308
0.394902
0.23471
0.203475
0.253451
0.392671
0.409627
0.171793
0.096829
0.40338
0.104861
0.265499
0.125833
0.347157
0.2713
0.0963828
0.314583
0.321722
0.398025
0.216861
0.0767493
0.245865
0.512257
0.258359
0.00758568
0.278439
0.410966
0.222216
0.202582
0.224447
0.0749644
0.0896895
0.484145
0.310567
0.212845
0.380177
0.243188
0.410966
0.48236
0.41632
0.134311
0.342248
0.312352
0.393563
0.219539
0.043283
0.381515
0.04953
0.18161
0.423013
0.488607
0.204367
0.204813
0.380177
0.237387
0.356527
0.423013
0.431938
0.161084
0.447109
0.01651
0.324399
0.0647014
0.374376
0.258806
0.152606
0.410073
0.41989
0.277547
0.0571157
0.386424
0.24408
0.41275
0.0620241
0.389993
0.21463
0.339571
0.284686
0.526982
0.11557
0.059793
0.187411
0.342248
0.419444
0.260144
0.309674
0.124494
0.0459603
0.313244
0.043283
0.342248
0.425244
0.260144
0.130295
0.193212
0.140112
0.300304
0.17224
0.249881
0.170455
0.140558
0.0392671
0.273977
0.113339
0.187411
0.249881
0.0941517
0.00847812
0.076303
0.117801
0.220877
0.090582
0.356081
0.329308
0.332431
0.186519
0.142343
0.394902
0.229802
0.218646
0.367682
0.274869
0.0191873
0.269515
0.358312
0.50244
0.106646
0.311459
0.0174024
0.394009
0.437739
0.266391
0.328415
0.153499
0.244527
0.153945
0.201244
0.280224
0.410519
0.215076
0.0499763
0.137435
0.118694
0.397579
0.0642552
0.263268
0.026773
0.112
0.21463
0.393563
0.425244
0.0629165
0.296288
0.125387
0.144128
0.0821039
0.074072
0.203029
0.0548846
0.421228
0.173132
0.414535
0.395348
0.298965
0.398918
0.0999525
0.373037
0.059793
0.44577
0.298073
0.199013
0.360989
0.170901
0.316814
0.346264
0.329754
0.0705022
0.196335
0.289148
0.452017
0.224893
0.261929
0.0798728
0.127172
0.314583
0.182056
0.236495
0.127618
0.266391
0.204367
0.239618
0.0423906
0.393563
0.445324
0.326184
0.36322
0.16153
0.0334662
0.252112
0.447555
0.202136
0.105307
0.318152
0.0446217
0.356081
0.434615
0.424352
0.408288
0.26416
0.0972752
0.0910282
0.0887971
0.118247
0.45291
0.368575
0.0298965
0.410519
0.114678
0.409627
0.026773
0.44934
0.188303
0.112893
0.0722871
0.36679
0.123156
0.265499
0.386424
0.128064
0.249881
0.127172
0.20526
0.423906
0.226232
0.424352
0.365898
0.293164
0.339125
0.0240957
0.263268
0.441754
0.0870122
0.430599
0.253897
0.249881
0.0655938
0.0258806
0.0379284
0.321722
0.199459
0.3833
0.352957
0.230248
0.380623
0.0196335
0.240957
0.342248
0.404718
0.474774
0.372145
0.0789803
0.28424
0.211953
0.25479
0.3833
0.0870122
0.173132
0.179825
0.336447
0.207045
0.280224
0.0406057
0.117355
0.0776417
0.338232
0.410966
0.217307
0.398471
0.32083
0.356973
0.160192
0.228463
0.452464
0.0718409
0.312352
0.192319
0.0758568
0.0651476
0.197228
0.125833
0.0240957
0.41275
0.158407
0.360097
0.437739
0.499763
0.221323
0.170455
0.286917
0.0709484
0.106646
0.125833
0.393117
0.389101
0.328862
0.122263
0.367682
0.0446217
0.368129
0.0312352
0.258806
0.269069
0.380177
0.239172
0.399364
0.141897
0.312798
0.416766
0.0834425
0.216861
0.409627
0.369021
0.0651476
0.15216
0.388655
0.379284
0.331093
0.2182
0.39044
0.504225
0.0294503
0.314583
0.0691636
0.415428
0.237833
0.305212
0.418105
0.0508687
0.417213
0.100399
0.216415
0.280224
0.407396
0.190534
0.112447
0.287364
0.411858
0.124941
0.356081
0.426137
0.249881
0.18875
0.296288
0.359651
0.269961
0.354742
0.117355
0.416766
0.0548846
0.289595
0.149483
0.212399
0.253897
0.21106
0.0651476
0.109323
0.0133865
0.0673787
0.408734
0.18518
0.248096
0.316814
0.325738
0.414089
0.324399
0.394009
0.440862
0.336894
0.182949
0.197228
0.134757
0.11557
0.137435
0.0196335
0.0950441
0.36322
0.283794
0.0901358
0.486822
0.41632
0.440416
0.207045
0.357866
0.275762
0.273085
0.128064
0.240511
0.206598
0.182503
0.388208
0.252112
0.243634
0.328862
0.0361435
0.0557771
0.405611
0.454249
0.257021
0.41275
0.168224
0.388655
0.240957
0.450233
0.288256
0.22757
0.409627
0.352957
0.086566
0.266391
0.321276
0.176702
0.326184
0.31726
0.120032
0.220431
0.414981
0.108431
0.310121
0.059793
0.0258806
0.0361435
0.433276
0.101291
0.451125
0.215076
0.340017
0.0896895
0.379284
0.0838887
0.0705022
0.0745182
0.442201
0.291826
0.0722871
0.351172
0.196782
0.414535
0.278439
0.441754
0.404272
0.0749644
0.0499763
0.451571
0.140558
0.31369
0.437739
0.0731795
0.0914744
0.274423
0.169116
0.04953
0.308336
0.0981677
0.176256
0.411858
0.309674
0.466296
0.230694
0.338232
0.392224
0.248989
0.438631
0.112
0.0339125
0.114231
0.170455
0.292718
0.276208
0.0834425
0.311459
0.0727333
0.249881
0.292272
0.439077
0.0932593
0.296734
0.076303
0.413197
0.446217
0.118247
0.15573
0.157068
0.341356
0.208829
0.373483
0.215076
0.231586
0.275762
0.388655
0.448448
0.111554
0.103076
0.261929
0.175363
0.329754
0.108431
0.189642
0.41275
0.0236495
0.449786
0.146359
0.243634
0.0522073
0.405165
0.365451
0.132526
0.0290041
0.106646
0.126726
0.331093
0.36679
0.176256
0.203475
0.236049
0.356973
0.314583
0.15216
0.0682711
0.335109
0.147698
0.40695
0.316814
0.186965
0.439523
0.400256
0.145913
0.305658
0.377945
0.252112
0.141004
0.331093
0.432384
0.0142789
0.527428
0.129849
0.181164
0.220877
0.0223108
0.15573
0.48593
0.326184
0.473882
0.120925
0.165546
0.171347
0.45648
0.254343
0.453802
0.358312
0.0468527
0.305212
0.26773
0.00669325
0.300304
0.349834
0.141897
0.23471
0.341802
0.391332
0.0928131
0.161084
0.0722871
0.123602
0.406057
0.340909
0.357866
0.449786
0.414535
0.0414981
0.110216
0.278439
0.382408
0.149036
0.143236
0.440416
0.236495
0.17224
0.316368
0.0352511
0.173578
0.0508687
0.253451
0.107538
0.0423906
0.283348
0.026773
0.265945
0.192319
0.547508
0.332431
0.281116
0.143236
0.442201
0.186072
0.276654
0.43283
0.182056
0.0490838
0.464511
0.216415
0.112893
0.355635
0.346264
0.0160638
0.234264
0.413643
0.0272192
0.315921
0.320384
0.108431
0.433723
0.224001
0.436846
0.110662
0.443986
0.319045
0.43997
0.207491
0.423906
0.240511
0.269515
0.435061
0.14502
0.173578
0.0214184
0.201244
0.258806
0.485484
0.109323
0.0615779
0.430599
0.420336
0.157068
0.132526
0.0986139
0.245419
0.215969
0.349388
0.0562233
0.298965
0.367682
0.265499
0.176256
0.0838887
0.427922
0.277101
0.280224
0.377945
0.329754
0.132526
0.126279
0.369467
0.435061
0.0263268
0.322615
0.315921
0.246312
0.397133
0.190088
0.322168
0.425244
0.28424
0.272638
0.371698
0.306551
0.169116
0.478344
0.176702
0.288256
0.280224
0.438185
0.349388
0.0825501
0.217754
0.0941517
0.0887971
0.0589006
0.150375
0.301642
0.342694
0.26773
0.42926
0.360097
0.194997
0.384639
0.0544384
0.0593468
0.444878
0.265945
0.411858
0.0187411
0.209722
0.1651
0.315921
0.402934
0.322615
0.265945
0.135204
0.163761
0.244973
0.121817
0.242296
0.450233
0.149483
0.392671
0.254343
0.341356
0.210614
0.120032
0.40695
0.322168
0.0361435
0.0807652
0.334216
0.0276654
0.270853
0.0829963
0.180718
0.133865
0.224447
0.0446217
0.0557771
0.437292
0.240957
0.323507
0.323061
0.404718
0.363667
0.348049
0.414089
0.155283
0.39044
0.254343
0.297626
0.450679
0.3302
0.347603
0.0490838
0.263714
0.291379
0.348941
0.376161
0.200797
0.443539
0.208383
0.137881
0.40338
0.335555
0.0758568
0.394902
0.310121
0.447109
0.431938
0.026773
0.140112
0.302535
0.282455
0.070056
0.371698
0.0789803
0.23114
0.327077
0.0348049
0.410966
0.29718
0.16153
0.253451
0.381069
0.126726
0.28424
0.01651
0.191427
0.23471
0.426583
0.435507
0.131634
0.323953
0.239618
0.422121
0.316368
0.162423
0.440862
0.415428
0.352065
0.0856736
0.501547
0.343587
0.395794
0.0589006
0.409627
0.0223108
0.0263268
0.457372
0.353404
0.619349
0.0120478
0.0981677
0.277547
0.312352
0.430599
0.306105
0.161084
0.396687
0.303874
0.343587
0.408288
0.0852274
0.191873
0.296288
0.230694
0.0133865
0.133419
0.182949
0.377945
0.288256
0.179379
0.106646
0.169116
0.18161
0.11914
0.120032
0.508687
0.348941
0.0459603
0.443093
0.368129
0.16153
0.228017
0.423906
0.347157
0.32083
0.309228
0.263268
0.157068
0.076303
0.299411
0.356973
0.197228
0.493516
0.451125
0.0633628
0.189196
0.4364
0.440862
0.190534
0.443986
0.357866
0.160638
0.444878
0.111554
0.363667
0.23471
0.203921
0.23114
0.173132
0.354296
0.0856736
0.244973
0.173132
0.0249881
0.231586
0.174917
0.270407
0.617118
0.428368
0.412304
0.452017
0.293164
0.162423
0.138773
0.461388
0.328862
0.461834
0.421228
0.0446217
0.334216
0.163761
0.0459603
0.189642
0.329754
0.331985
0.0459603
0.245419
0.126726
0.169116
0.431045
0.327077
0.304766
0.383746
0.147251
0.336894
0.35028
0.254343
0.401595
0.260591
0.200351
0.204813
0.410966
0.347603
0.493516
0.186072
0.107984
0.435507
0.40695
0.433276
0.323507
0.0459603
0.133419
0.391332
0.433723
0.270853
0.264606
0.0847812
0.274869
0.195443
0.355635
0.389547
0.473436
0.345372
0.338232
0.489053
0.127172
0.0553309
0.090582
0.336894
0.402934
0.367236
0.0602392
0.113339
0.169116
0.282009
0.267284
0.424352
0.425244
0.0124941
0.328862
0.174471
0.164654
0.372591
0.238726
0.0245419
0.0307889
0.0254343
0.316814
0.23828
0.131188
0.280224
0.185626
0.107092
0.504225
0.249881
0.21106
0.0852274
0.422121
0.270853
0.0116016
0.0530998
0.339571
0.047299
0.228463
0.402934
0.120925
0.261483
0.0236495
0.360097
0.0789803
0.253005
0.44934
0.277993
0.1062
0.422121
0.0539922
0.194104
0.265945
0.0986139
0.198566
0.106646
0.0481914
0.116016
0.277547
0.164654
0.26416
0.305658
0.0343587
0.348049
0.157961
0.431938
0.22177
0.311905
0.136542
0.306105
0.334216
0.224447
0.289148
0.447555
0.335555
0.269069
0.159299
0.438631
0.219539
0.208383
0.0861198
0.276208
0.410519
0.400256
0.388208
0.257021
0.395348
0.455141
0.114678
0.293164
0.365898
0.0365898
0.124048
0.116016
0.410966
0.355188
0.269961
0.100845
0.510026
0.0214184
0.321722
0.168224
0.277547
0.312352
0.283348
0.338678
0.137881
0.240065
0.407842
0.260591
0.124494
0.451125
0.126279
0.215969
0.159299
0.149483
0.415874
0.491284
0.186519
0.233818
0.482806
0.324399
0.0490838
0.0334662
0.241403
0.0294503
0.384193
0.319491
0.331093
0.410519
0.178933
0.339125
0.312798
0.103076
0.44577
0.0687174
0.398471
0.396687
0.306997
0.340017
0.260591
0.348049
0.13922
0.0651476
0.175809
0.113785
0.0423906
0.43283
0.428368
0.249881
0.280224
0.440862
0.076303
0.297626
0.362328
0.385531
0.220877
0.182503
0.256575
0.31369
0.219092
0.124048
0.120478
0.413197
0.0499763
0.189196
0.0941517
0.340909
0.115124
0.289595
0.39981
0.461834
0.428814
0.136989
0.1651
0.0464065
0.426583
0.31369
0.351619
0.325292
0.0517611
0.251666
0.108431
0.0526536
0.277547
0.400703
0.368575
0.394009
0.370806
0.0245419
0.090582
0.236941
0.199013
0.124048
0.28424
0.364559
0.404718
0.147251
0.404272
0.388208
0.276208
0.447109
0.327077
0.281116
0.158853
0.235602
0.325738
0.520735
0.380623
0.418551
0.0798728
0.394009
0.425691
0.150375
0.203475
0.352511
0.388208
0.132526
0.24765
0.306551
0.427476
0.435507
0.191873
0.270853
0.374822
0.120032
0.282901
0.148144
0.184734
0.0236495
0.623811
0.116909
0.277547
0.443986
0.217754
0.198566
0.407842
0.309228
0.439523
0.156176
0.443539
0.196782
0.212399
0.403826
0.105753
0.424798
0.206598
0.289595
0.22757
0.485484
0.273085
0.203475
0.0450679
0.45648
0.256575
0.416766
0.203921
0.252559
0.0490838
0.0633628
0.0303427
0.374822
0.348495
0.180272
0.119586
0.0910282
0.334216
0.126726
0.290933
0.364559
0.110662
0.113339
0.265499
0.400256
0.312352
0.0990601
0.33734
0.231586
0.278439
0.274423
0.180272
0.391332
0.199905
0.26416
0.121371
0.210614
0.0584544
0.384193
0.426583
0.440416
0.40338
0.428814
0.240511
0.340017
0.38687
0.160192
0.167777
0.0624703
0.283794
0.0687174
0.422567
0.402041
0.0798728
0.167331
0.361882
0.0129403
0.411412
0.323061
0.108877
0.246758
0.0664863
0.331093
0.377945
0.450679
0.159299
0.278885
0.147698
0.186965
0.452017
0.36679
0.226678
0.351172
0.440416
0.110662
0.45291
0.037036
0.268176
0.0928131
0.123602
0.306105
0.0374822
0.309674
0.0972752
0.153945
0.115124
0.364559
0.134311
0.347603
0.45648
0.281116
0.281563
0.211953
0.0182949
0.0789803
0.037036
0.0428368
0.445324
0.0615779
0.310567
0.0986139
0.155283
0.28781
0.35385
0.389993
0.378392
0.444878
0.371698
0.102184
0.269515
0.391332
0.256128
0.283794
0.151267
0.23471
0.40338
0.194997
0.31726
0.160192
0.269515
0.284686
0.159746
0.362774
0.311459
0.266838
0.377053
0.167331
0.14502
0.437739
0.265499
0.0999525
0.272192
0.0914744
0.0223108
0.224001
0.352065
0.043283
0.0388208
0.276654
0.273085
0.0910282
0.335109
0.115124
0.0789803
0.0727333
0.103968
0.00758568
0.0887971
0.242296
0.388655
0.32083
0.285579
0.13922
0.0504225
0.0718409
0.0553309
0.497978
0.446663
0.136096
0.0423906
0.394009
0.148144
0.425244
0.0919206
0.32083
0.341356
0.351172
0.109769
0.294949
0.561341
0.294949
0.490838
0.0388208
0.131188
0.378392
0.501101
0.39981
0.189196
0.425244
0.150375
0.148144
0.290933
0.299858
0.340017
0.434615
0.327969
0.043283
0.448001
0.0490838
0.0423906
0.566695
0.189642
0.310567
0.33377
0.0526536
0.298519
0.357866
0.33734
0.03302
0.458711
0.330647
0.190981
0.348049
0.374376
0.0080319
0.324846
0.379284
0.223555
0.163315
0.111108
0.298965
0.120925
0.159746
0.0348049
0.157514
0.434169
0.186519
0.452017
0.404272
0.298073
0.0664863
0.439077
0.179379
0.333324
0.206598
0.225786
0.290933
0.329308
0.390886
0.437292
0.287364
0.0629165
0.0834425
0.172686
0.0682711
0.0669325
0.33377
0.0647014
0.120925
0.290041
0.271746
0.374376
0.309228
0.00758568
0.231586
0.202582
0.0794266
0.116463
0.125833
0.28424
0.0517611
0.45291
0.189196
0.404272
0.120925
0.377945
0.420782
0.208383
0.4364
0.192319
0.0365898
0.371252
0.428368
0.452017
0.101291
0.440416
0.274869
0.344033
0.169562
0.23828
0.174471
0.179825
0.329754
0.172686
0.436846
0.101737
0.235156
0.324846
0.41275
0.408734
0.428368
0.342694
0.273085
0.368129
0.0838887
0.328415
0.427476
0.299411
0.44934
0.070056
0.411412
0.436846
0.485037
0.481022
0.210614
0.435954
0.122263
0.298519
0.391332
0.204367
0.0950441
0.208383
0.0321276
0.290933
0.187411
0.194104
0.442201
0.0361435
0.286471
0.414089
0.319045
0.232925
0.360543
0.365451
0.206598
0.101291
0.213292
0.343141
0.132973
0.293611
0.30432
0.416766
0.385085
0.443093
0.0642552
0.288702
0.373037
0.0111554
0.107538
0.293164
0.344479
0.0981677
0.286025
0.424352
0.112447
0.409627
0.271746
0.260591
0.37036
0.327969
0.0870122
0.333324
0.421228
0.33377
0.174024
0.308336
0.425691
0.34671
0.369467
0.385531
0.0254343
0.276208
0.306105
0.395794
0.059793
0.47299
0.302981
0.0151714
0.0932593
0.187857
0.0513149
0.519842
0.327523
0.344925
0.20526
0.248543
0.23114
0.170901
0.140112
0.261037
0.281563
0.293164
0.354296
0.03302
0.39044
0.394009
0.199013
0.258359
0.290041
0.0883509
0.243188
0.352065
0.141897
0.245419
0.31369
0.13565
0.059793
0.248989
0.360097
0.555093
0.300304
0.250774
0.385085
0.226678
0.0419444
0.133865
0.282455
0.110662
0.25122
0.101737
0.425244
0.414535
0.418105
0.431045
0.371252
0.327077
0.0606855
0.335109
0.0245419
0.158407
0.15216
0.144128
0.432384
0.279332
0.380177
0.277547
0.246758
0.0718409
0.343141
0.0468527
0.301196
0.270407
0.413643
0.331539
0.245419
0.143236
0.253897
0.265053
0.162423
0.2713
0.273977
0.368575
0.343587
0.229802
0.417213
0.203921
0.141897
0.0437292
0.160638
0.371698
0.215969
0.404718
0.423013
0.109769
0.117355
0.298965
0.296734
0.410073
0.452017
0.424352
0.405611
0.329308
0.0174024
0.0713947
0.420336
0.243188
0.20169
0.398025
0.0321276
0.29718
0.0633628
0.376161
0.182056
0.414535
0.158853
0.428368
0.360989
0.144574
0.41632
0.231586
0.103968
0.0530998
0.0513149
0.30432
0.175363
0.395348
0.352065
0.138327
0.246312
0.127618
0.323507
0.0856736
0.0321276
0.275762
0.18161
0.425244
0.409627
0.377945
0.414089
0.448448
0.417659
0.142343
0.0709484
0.281563
0.156176
0.440862
0.0316814
0.339125
0.336001
0.219539
0.416766
0.393117
0.257913
0.265053
0.357866
0.410966
0.411858
0.436846
0.162869
0.362328
0.364113
0.0169562
0.272192
0.13208
0.240065
0.236495
0.332431
0.107092
0.120478
0.200351
0.552862
0.230248
0.0138327
0.297626
0.0589006
0.471651
0.174917
0.047299
0.282901
0.0499763
0.0664863
0.182949
0.355188
0.351172
0.217307
0.321276
0.39624
0.169116
0.439077
0.450679
0.421675
0.0575619
0.402041
0.491731
0.446663
0.325738
0.253451
0.548846
0.0557771
0.149036
0.338678
0.359204
0.410519
0.343141
0.174917
0.389993
0.0285579
0.158407
0.26773
0.0504225
0.286025
0.348049
0.228909
0.362774
0.391332
0.295842
0.357866
0.0816576
0.35385
0.249435
0.411858
0.0910282
0.341356
0.448001
0.426583
0.0901358
0.438631
0.113339
0.159299
0.0276654
0.402041
0.151267
0.0401595
0.132973
0.363667
0.0419444
0.170009
0.265053
0.315475
0.450233
0.333324
0.286025
0.326184
0.319045
0.265945
0.367236
0.372591
0.0481914
0.427922
0.0539922
0.514488
0.141897
0.41632
0.434169
0.178487
0.0356973
0.131634
0.254343
0.121817
0.418551
0.263714
0.236941
0.326631
0.42926
0.110216
0.252559
0.0896895
0.353404
0.0655938
0.0664863
0.288702
0.153499
0.301642
0.219092
0.28781
0.147251
0.142343
0.28781
0.327523
0.0232033
0.37973
0.192319
0.256128
0.418105
0.026773
0.374822
0.0263268
0.338678
0.424798
0.488607
0.352511
0.0825501
0.336447
0.0281116
0.11557
0.157961
0.434169
0.377053
0.425691
0.117355
0.175809
0.249435
0.29718
0.224001
0.0776417
0.463619
0.230248
0.306997
0.0664863
0.266838
0.524305
0.0602392
0.199905
0.194997
0.0776417
0.0602392
0.260591
0.212399
0.0615779
0.0388208
0.271746
0.306105
0.0339125
0.368129
0.332431
0.360097
0.0910282
0.438631
0.180718
0.269961
0.409181
0.207937
0.0923668
0.0919206
0.292718
0.359204
0.215969
0.0526536
0.322168
0.321276
0.25122
0.11914
0.307889
0.256128
0.401149
0.50244
0.246758
0.090582
0.433723
0.348049
0.123156
0.219092
0.410073
0.147251
0.14859
0.0593468
0.399364
0.41632
0.170455
0.395348
0.215969
0.411858
0.0838887
0.236049
0.0245419
0.0236495
0.275316
0.290041
0.290933
0.418105
0.19455
0.349834
0.201244
0.44577
0.169116
0.0307889
0.231586
0.124048
0.507348
0.2182
0.129849
0.0731795
0.211953
0.076303
0.369467
0.0892433
0.167777
0.0272192
0.0437292
0.245865
0.135204
0.146805
0.278439
0.372591
0.278885
0.274423
0.263268
0.448894
0.261929
0.319937
0.459603
0.323061
0.131634
0.414535
0.374822
0.42346
0.243634
0.363667
0.357866
0.319491
0.378838
0.127618
0.308782
0.0584544
0.313244
0.344479
0.335109
0.204367
0.430599
0.149036
0.444432
0.389547
0.2713
0.301642
0.233818
0.159299
0.355188
0.480129
0.10263
0.325292
0.0437292
0.327523
0.31726
0.125833
0.281116
0.394009
0.0446217
0.431938
0.0972752
0.368129
0.0356973
0.134311
0.0990601
0.0758568
0.191873
0.0593468
0.132973
0.2182
0.310121
0.331539
0.369914
0.37393
0.348049
0.33377
0.0348049
0.446217
0.377499
0.289148
0.299411
0.296288
0.232925
0.368129
0.0352511
0.422121
0.451571
0.274869
0.411412
0.0526536
0.0214184
0.333324
0.425244
0.0611317
0.373037
0.0972752
0.224893
0.322168
0.022757
0.393563
0.347603
0.29718
0.426583
0.190534
0.276654
0.298073
0.248543
0.0133865
0.389993
0.19455
0.355635
0.260144
0.321276
0.109769
0.411412
0.286471
0.464511
0.336447
0.105753
0.352511
0.401149
0.0182949
0.323953
0.46585
0.160638
0.0821039
0.411858
0.203029
0.147251
0.233818
0.425691
0.428814
0.0870122
0.437739
0.142789
0.2713
0.434169
0.248096
0.311013
0.0397133
0.340017
0.0776417
0.420336
0.184287
0.0232033
0.03302
0.130295
0.0156176
0.176702
0.513149
0.460049
0.224447
0.39981
0.0620241
0.347157
0.123156
0.444432
0.402487
0.263268
0.352065
0.0423906
0.235156
0.0995063
0.117355
0.406503
0.43997
0.103968
0.0147251
0.288702
0.459157
0.344033
0.328415
0.145913
0.434615
0.518504
0.0218646
0.217754
0.0249881
0.0182949
0.329308
0.503779
0.438185
0.349388
0.0107092
0.352511
0.207491
0.413643
0.179379
0.261483
0.36322
0.0441754
0.213292
0.326184
0.13565
0.0562233
0.127618
0.460496
0.380623
0.275316
0.327969
0.165546
0.25479
0.291826
0.0316814
0.448894
0.233371
0.411412
0.441308
0.399364
0.280224
0.0580082
0.157514
0.103076
0.0580082
0.386424
0.362328
0.410966
0.0972752
0.352957
0.152606
0.360989
0.211953
0.165546
0.39044
0.356973
0.4953
0.149483
0.194104
0.137435
0.232033
0.336447
0.389101
0.37393
0.400256
0.362328
0.407396
0.163315
0.155283
0.433276
0.273531
0.186965
0.44577
0.107092
0.53903
0.197674
0.370806
0.274869
0.226678
0.253897
0.381515
0.136542
0.315029
0.22757
0.0950441
0.222662
0.143236
0.254343
0.0624703
0.443093
0.413643
0.080319
0.314136
0.0361435
0.166885
0.0401595
0.377945
0.316814
0.319937
0.400256
0.124048
0.184734
0.315029
0.475667
0.321722
0.261037
0.455141
0.199013
0.294949
0.132526
0.443093
0.0290041
0.43283
0.451571
0.438631
0.421228
0.401595
0.208383
0.0754106
0.299411
0.0499763
0.261037
0.227124
0.36322
0.0713947
0.314583
0.286025
0.423906
0.329308
0.0530998
0.0709484
0.414535
0.247204
0.402041
0.524305
0.358758
0.431491
0.207937
0.0334662
0.228017
0.329308
0.351172
0.374822
0.262822
0.44577
0.0718409
0.375714
0.0655938
0.107092
0.0914744
0.366344
0.211953
0.160638
0.268176
0.0513149
0.292272
0.0557771
0.129849
0.415874
0.0423906
0.26773
0.13565
0.262822
0.167777
0.391332
0.454695
0.443986
0.193212
0.0258806
0.33734
0.133419
0.0861198
0.150375
0.0508687
0.306105
0.371698
0.127618
0.276208
0.151714
0.421228
0.20169
0.328415
0.11557
0.321722
0.0334662
0.0151714
0.150375
0.197228
0.0785341
0.243634
0.371252
0.377945
0.121817
0.2182
0.305212
0.35742
0.315921
0.22757
0.443093
0.438185
0.387762
0.352065
0.0780879
0.112893
0.020526
0.090582
0.2182
0.219539
0.352511
0.316814
0.379284
0.323507
0.33734
0.274423
0.41632
0.330647
0.272638
0.386424
0.434169
0.12851
0.144574
0.391778
0.250774
0.385085
0.135204
0.053546
0.403826
0.501994
0.32083
0.427476
0.530552
0.321276
0.300304
0.369467
0.394902
0.308782
0.514488
0.369914
0.346264
0.185626
0.398025
0.39624
0.377945
0.192319
0.18161
0.382854
0.439077
0.0285579
0.0455141
0.31726
0.452017
0.266838
0.12271
0.283348
0.25122
0.387316
0.149036
0.303874
0.176702
0.437292
0.189196
0.236049
0.206152
0.348941
0.402487
0.116909
0.443093
0.1651
0.405165
0.0428368
0.235602
0.090582
0.0254343
0.107538
0.311459
0.434169
0.421228
0.352957
0.0361435
0.452017
0.0339125
0.447555
0.381515
0.209722
0.119586
0.0240957
0.199013
0.439523
0.418997
0.341802
0.37036
0.517165
0.294949
0.207937
0.126726
0.408734
0.441308
0.166439
0.0647014
0.14502
0.475667
0.24408
0.429707
0.43997
0.442201
0.245419
0.090582
0.227124
0.419444
0.307443
0.124941
0.137881
0.157068
0.443539
0.270407
0.145467
0.379284
0.114231
0.21106
0.280224
0.42346
0.309674
0.0852274
0.360097
0.363667
0.413643
0.418997
0.420336
0.512703
0.169116
0.312798
0.234264
0.321276
0.452017
0.0789803
0.31726
0.0838887
0.213292
0.413197
0.183841
0.15216
0.371252
0.39044
0.358758
0.240957
0.404272
0.129403
0.458264
0.253897
0.0919206
0.455587
0.431938
0.271746
0.0575619
0.276208
0.380177
0.36322
0.0896895
0.368129
0.0459603
0.195443
0.11914
0.324399
0.381069
0.114231
0.216415
0.0245419
0.286917
0.279778
0.377945
0.318599
0.224447
0.414981
0.0178487
0.151714
0.28424
0.0258806
0.0392671
0.402041
0.043283
0.0348049
0.258359
0.101291
0.239618
0.40695
0.319491
0.455587
0.386424
0.134311
0.124494
0.248096
0.243634
0.230248
0.0232033
0.451571
0.0633628
0.344479
0.358312
0.266391
0.407842
0.130741
0.45648
0.167777
0.256575
0.424352
0.395794
0.0901358
0.0959366
0.433276
0.0611317
0.356527
0.103522
0.414535
0.177594
0.325738
0.230694
0.264606
0.0388208
0.414535
0.383746
0.299858
0.338678
0.185626
0.30075
0.336447
0.315921
0.19812
0.430599
0.432384
0.395794
0.243188
0.427029
0.354742
0.207491
0.377945
0.358312
0.0919206
0.410966
0.274869
0.203029
0.305212
0.250774
0.141004
0.213292
0.290933
0.167777
0.452464
0.536799
0.366344
0.316368
0.15573
0.0749644
0.232925
0.262822
0.022757
0.428814
0.242742
0.44577
0.234264
0.409181
0.168224
0.0954904
0.242742
0.0356973
0.331539
0.222662
0.442201
0.281116
0.328415
0.0660401
0.0584544
0.205706
0.44577
0.04953
0.183841
0.338232
0.308782
0.368575
0.414981
0.224001
0.16153
0.423013
0.307443
0.254343
0.435954
0.53546
0.35742
0.136096
0.410073
0.369914
0.261929
0.096829
0.328862
0.387762
0.364559
0.276654
0.111108
0.172686
0.435507
0.414089
0.447555
0.220877
0.165993
0.384639
0.33734
0.450679
0.0896895
0.239172
0.339125
0.122263
0.294057
0.272192
0.435061
0.257021
0.431491
0.290487
0.222662
0.0214184
0.128957
0.103076
0.256128
0.191427
0.372591
0.253897
0.420336
0.380623
0.378838
0.273531
0.450233
0.296288
0.203475
0.309228
0.325292
0.423013
0.163315
0.210614
0.349834
0.076303
0.197674
0.0852274
0.361435
0.210614
0.425244
0.0776417
0.200797
0.207937
0.306105
0.386424
0.42926
0.413643
0.420336
0.183841
0.423906
0.202136
0.120478
0.0602392
0.129403
0.245419
0.215523
0.0446217
0.0660401
0.354296
0.34671
0.171347
0.302089
0.120032
0.431491
0.0285579
0.0678249
0.357866
0.147251
0.120478
0.0941517
0.431938
0.376161
0.340909
0.271746
0.298965
0.0450679
0.422121
0.377499
0.131188
0.450679
0.157514
0.111108
0.096829
0.270407
0.347157
0.116463
0.327523
0.33377
0.279778
0.435061
0.329308
0.417213
0.443539
0.236941
0.167777
0.0682711
0.157068
0.35385
0.402934
0.343141
0.389101
0.402041
0.233371
0.186965
0.331985
0.290487
0.309228
0.136989
0.318599
0.41632
0.457818
0.40695
0.117355
0.409181
0.414089
0.416766
0.348495
0.453802
0.428368
0.090582
0.371252
0.286917
0.360097
0.24408
0.0664863
0.16867
0.0307889
0.377499
0.0147251
0.141004
0.326184
0.316368
0.105753
0.0388208
0.398025
0.412304
0.0298965
0.0356973
0.276208
0.0589006
0.448001
0.245865
0.40338
0.074072
0.207937
0.26773
0.268622
0.230694
0.433723
0.297626
0.448894
0.313244
0.26416
0.300304
0.244973
0.388208
0.14859
0.117355
0.397133
0.393117
0.435954
0.391332
0.291379
0.356081
0.113785
0.402934
0.479237
0.319937
0.283348
0.315921
0.429707
0.10263
0.113785
0.383746
0.424798
0.381069
0.380177
0.39044
0.0847812
0.365005
0.521627
0.387762
0.407842
0.413197
0.238726
0.111554
0.103522
0.137881
0.41275
0.196782
0.250774
0.359651
0.417213
0.11557
0.380623
0.433276
0.319045
0.105307
0.0754106
0.121371
0.447555
0.266391
0.378392
0.0620241
0.329308
0.388655
0.116463
0.391332
0.134757
0.26773
0.266391
0.252112
0.450233
0.240511
0.460496
0.157514
0.160192
0.381069
0.162869
0.487269
0.340017
0.226678
0.183395
0.210168
0.258359
0.295842
0.355635
0.284686
0.358312
0.0620241
0.431491
0.178487
0.278439
0.322168
0.261929
0.0419444
0.119586
0.195889
0.0923668
0.310567
0.0963828
0.117801
0.283794
0.0798728
0.340463
0.0419444
0.428368
0.0602392
0.220431
0.335109
0.45648
0.129849
0.399364
0.513595
0.0365898
0.381961
0.0923668
0.372591
0.130741
0.243634
0.276208
0.331985
0.133419
0.111554
0.0892433
0.417213
0.197228
0.302535
0.140112
0.36322
0.0481914
0.170009
0.101737
0.275316
0.147251
0.165993
0.450679
0.38687
0.421228
0.381961
0.384193
0.335109
0.275762
0.186072
0.446217
0.0843349
0.229802
0.384639
0.37036
0.429707
0.0660401
0.436846
0.356973
0.141897
0.15216
0.14502
0.120032
0.387762
0.228463
0.277101
0.373037
0.355635
0.0508687
0.199459
0.22177
0.321722
0.0151714
0.107984
0.0861198
0.239172
0.209276
0.414535
0.0615779
0.389101
0.162423
0.132526
0.344479
0.186965
0.0174024
0.114231
0.328415
0.215076
0.313244
0.353404
0.204813
0.428368
0.39044
0.221323
0.103076
0.314583
0.267284
0.0727333
0.121817
0.477452
0.52252
0.272638
0.101737
0.250328
0.112447
0.0660401
0.076303
0.401595
0.0633628
0.290041
0.171793
0.216415
0.204813
0.229802
0.281563
0.107092
0.30075
0.343141
0.173578
0.253005
0.293611
0.256575
0.285579
0.19812
0.420336
0.48236
0.41632
0.302981
0.142789
0.359651
0.378838
0.14859
0.170009
0.192766
0.374822
0.290041
0.0972752
0.442201
0.0972752
0.0651476
0.43997
0.35742
0.120032
0.398918
0.351172
0.144574
0.187411
0.242742
0.219539
0.291379
0.0977214
0.240957
0.259698
0.364113
0.257021
0.203029
0.100845
0.1651
0.298519
0.351172
0.361435
0.335555
0.4364
0.263268
0.0562233
0.357866
0.195443
0.0392671
0.43283
0.413643
0.447109
0.113339
0.0794266
0.21106
0.3302
0.204813
0.53903
0.242742
0.184287
0.374822
0.151714
0.369914
0.294949
0.192319
0.113785
0.0441754
0.371698
0.286025
0.1062
0.448448
0.096829
0.0847812
0.507795
0.217754
0.0530998
0.12271
0.266391
0.279778
0.15573
0.4895
0.0562233
0.374376
0.0343587
0.0428368
0.378838
0.408288
0.133419
0.195443
0.0887971
0.0182949
0.0687174
0.420782
0.36322
0.199905
0.173578
0.418997
0.41275
0.315475
0.256575
0.124048
0.0664863
0.174471
0.335555
0.305658
0.276208
0.0294503
0.115124
0.417659
0.0669325
0.228909
0.252112
0.355635
0.0151714
0.0379284
0.210168
0.250328
0.273531
0.362774
0.303874
0.297626
0.602839
0.263714
0.44577
0.502886
0.0687174
0.445324
0.451571
0.386424
0.0182949
0.306997
0.383746
0.402041
0.0566695
0.145467
0.299411
0.0281116
0.321722
0.0548846
0.182503
0.301642
0.302535
0.116016
0.346264
0.321722
0.113785
0.103968
0.435061
0.122263
0.425244
0.427922
0.229802
0.428814
0.368575
0.36322
0.25479
0.319937
0.311459
0.384639
0.0937055
0.219539
0.32083
0.105753
0.162869
0.47879
0.441308
0.0602392
0.0316814
0.353404
0.0133865
0.426583
0.317706
0.441754
0.124494
0.39981
0.514934
0.0191873
0.339571
0.268176
0.473882
0.355188
0.365898
0.0437292
0.13565
0.291826
0.116463
0.242296
0.318599
0.297626
0.438185
0.334662
0.173132
0.302535
0.132973
0.0624703
0.154837
0.129403
0.384193
0.442201
0.0437292
0.659508
0.285579
0.358312
0.0446217
0.420336
0.0731795
0.397133
0.174917
0.142343
0.389101
0.0673787
0.222662
0.14859
0.13565
0.322615
0.0348049
0.414981
0.217307
0.0945979
0.410519
0.302981
0.219092
0.220431
0.240065
0.460942
0.22177
0.238726
0.319491
0.163761
0.319045
0.0254343
0.14502
0.0334662
0.389547
0.171347
0.145467
0.3833
0.545277
0.196335
0.338232
0.233818
0.41275
0.303874
0.387762
0.0410519
0.378392
0.447555
0.336001
0.339571
0.00937055
0.0343587
0.0111554
0.321276
0.294057
0.0553309
0.567588
0.206598
0.00669325
0.0825501
0.070056
0.294949
0.0722871
0.154837
0.0754106
0.445324
0.322615
0.423906
0.16153
0.235602
0.130295
0.157514
0.326631
0.428814
0.543046
0.229355
0.307889
0.579189
0.327969
0.258359
0.304766
0.382854
0.0861198
0.0615779
0.125387
0.110662
0.0437292
0.373037
0.0874585
0.0151714
0.385531
0.14859
0.17804
0.253005
0.414535
0.0767493
0.165546
0.339571
0.281563
0.0816576
0.377945
0.422567
0.395794
0.24408
0.0950441
0.155283
0.267284
0.442201
0.195443
0.0589006
0.421675
0.274869
0.325738
0.28424
0.340909
0.449786
0.0834425
0.21463
0.313244
0.410519
0.0602392
0.452017
0.0771955
0.178933
0.341356
0.0852274
0.42346
0.336894
0.167777
0.0218646
0.0124941
0.263714
0.441754
0.283794
0.455141
0.176702
0.228463
0.327969
0.3833
0.1651
0.180718
0.35742
0.308782
0.289595
0.263714
0.0209722
0.394902
0.445324
0.207937
0.356973
0.209722
0.399364
0.100845
0.237387
0.441308
0.436846
0.215969
0.158407
0.417213
0.280224
0.372145
0.339125
0.289148
0.047299
0.298073
0.0624703
0.425691
0.387762
0.356973
0.303427
0.136542
0.352065
0.022757
0.406503
0.327077
0.273977
0.425691
0.313244
0.331985
0.0754106
0.40695
0.354742
0.225339
0.131634
0.151714
0.39981
0.239618
0.132973
0.325292
0.434615
0.255236
0.163761
0.301196
0.861644
0.372591
0.149036
0.398025
0.123602
0.456926
0.277993
0.368575
0.0999525
0.0522073
0.332878
0.361882
0.43283
0.388655
0.127618
0.145913
0.141004
0.0606855
0.463173
0.160192
0.41989
0.21106
0.258359
0.512257
0.141004
0.431938
0.189196
0.189642
0.0352511
0.25479
0.218646
0.0486376
0.135204
0.174917
0.37036
0.257021
0.440416
0.212399
0.0664863
0.305212
0.00892433
0.239172
0.274869
0.323061
0.437292
0.424352
0.0383746
0.0169562
0.423906
0.36322
0.212399
0.331093
0.352511
0.259252
0.271746
0.141451
0.259252
0.171347
0.437292
0.429707
0.443093
0.219985
0.319937
0.29718
0.465404
0.0883509
0.215969
0.271746
0.325738
0.313244
0.18875
0.282901
0.0615779
0.104861
0.00892433
0.321276
0.118247
0.299858
0.355635
0.337786
0.116463
0.356081
0.277547
0.318599
0.43997
0.205706
0.0437292
0.321722
0.0874585
0.28424
0.193658
0.202582
0.226232
0.28781
0.385977
0.116016
0.381515
0.244973
0.544384
0.311905
0.443539
0.448001
0.242742
0.381515
0.00981677
0.125387
0.437739
0.430153
0.316368
0.410073
0.286471
0.421675
0.320384
0.139666
0.171347
0.145467
0.256575
0.432384
0.299411
0.389547
0.232033
0.275316
0.516273
0.35028
0.269515
0.375714
0.425244
0.4953
0.187857
0.269069
0.170901
0.053546
0.222216
0.0481914
0.1651
0.387762
0.281116
0.338678
0.369914
0.128064
0.409181
0.0776417
0.118694
0.140558
0.385531
0.29718
0.351172
0.28424
0.430599
0.0156176
0.387316
0.381069
0.418105
0.241849
0.310567
0.333324
0.402487
0.18161
0.14859
0.0356973
0.18518
0.219985
0.369021
0.464065
0.419444
0.318152
0.242296
0.274869
0.0553309
0.259252
0.183395
0.101291
0.337786
0.4364
0.182056
0.345818
0.30432
0.215076
0.481022
0.421228
0.290933
0.405165
0.329754
0.282009
0.410519
0.107538
0.0178487
0.0200797
0.147698
0.063809
0.132973
0.242742
0.276654
0.257913
0.304766
0.456926
0.0490838
0.269069
0.136096
0.408288
0.321722
0.20169
0.414089
0.118694
0.32083
0.0401595
0.290933
0.437292
0.310121
0.384193
0.356081
0.451571
0.25479
0.185626
0.132526
0.298519
0.340463
0.123156
0.423013
0.125387
0.288702
0.112447
0.0272192
0.326184
0.40338
0.448894
0.0986139
0.0379284
0.407842
0.0348049
0.409627
0.358758
0.35742
0.0356973
0.318152
0.323953
0.053546
0.438631
0.384193
0.261929
0.364113
0.309228
0.0240957
0.248543
0.140112
0.142343
0.203029
0.242742
0.0499763
0.430153
0.25479
0.400256
0.0379284
0.291826
0.16153
0.133419
0.405611
0.203029
0.0419444
0.415874
0.170009
0.246312
0.393117
0.0767493
0.167331
0.0249881
0.429707
0.371698
0.418551
0.179379
0.151267
0.273977
0.232479
0.402041
0.0441754
0.204367
0.0771955
0.236941
0.0972752
0.354742
0.170901
0.341356
0.137435
0.193658
0.0883509
0.0986139
0.171793
0.195443
0.335109
0.323061
0.169562
0.33734
0.0776417
0.366344
0.249435
0.298519
0.375268
0.296288
0.144574
0.070056
0.345372
0.293611
0.38687
0.381515
0.0861198
0.251666
0.276208
0.219539
0.349834
0.382408
0.37393
0.2182
0.0963828
0.364113
0.348495
0.401149
0.178487
0.418997
0.123602
0.284686
0.128957
0.212399
0.343141
0.39624
0.39044
0.120032
0.310567
0.224893
0.231586
0.0718409
0.190981
0.398918
0.413197
0.076303
0.305658
0.360543
0.126279
0.277547
0.330647
0.275762
0.176256
0.0575619
0.0548846
0.193658
0.0169562
0.415874
0.447555
0.311905
0.168224
0.580082
0.339125
0.45291
0.168224
0.293164
0.414535
0.137435
0.33377
0.0138327
0.311459
0.206598
0.290041
0.257913
0.0624703
0.0963828
0.0312352
0.414535
0.356973
0.410966
0.233371
0.0883509
0.119586
0.229802
0.0575619
0.0142789
0.448894
0.249881
0.488607
0.380623
0.348049
0.123156
0.0852274
0.0660401
0.439077
0.349388
0.0441754
0.443986
0.146805
0.37036
0.0731795
0.46942
0.274869
0.0696098
0.18161
0.358758
0.0544384
0.340017
0.139666
0.345818
0.447109
0.39981
0.0990601
0.0499763
0.171347
0.499316
0.153945
0.219985
0.296734
0.203921
0.0928131
0.269961
0.12851
0.142343
0.169116
0.0263268
0.343141
0.158407
0.0919206
0.53546
0.202582
0.0539922
0.362328
0.392671
0.0111554
0.0794266
0.302981
0.162869
0.244973
0.213738
0.101737
0.0156176
0.170009
0.378838
0.413643
0.172686
0.371252
0.189196
0.335109
0.15216
0.375268
0.285132
0.266838
0.294057
0.0950441
0.436846
0.272192
0.448894
0.112
0.100845
0.280224
0.192766
0.57205
0.288256
0.0678249
0.405611
0.391332
0.305658
0.15216
0.104861
0.21463
0.292272
0.037036
0.100845
0.20526
0.0298965
0.28424
0.290487
0.232479
0.186965
0.0321276
0.278439
0.140112
0.0928131
0.0919206
0.277547
0.134757
0.282009
0.415428
0.329308
0.382854
0.0218646
0.37036
0.0745182
0.139666
0.103522
0.0584544
0.294503
0.443986
0.446663
0.29718
0.0281116
0.403826
0.256575
0.275762
0.420782
0.165546
0.0107092
0.157068
0.409181
0.163315
0.121817
0.0316814
0.497085
0.143236
0.466296
0.335109
0.169562
0.430599
0.513595
0.0111554
0.0901358
0.0401595
0.191427
0.454695
0.04953
0.30432
0.0428368
0.273977
0.237387
0.308782
0.0615779
0.206598
0.401149
0.159299
0.365005
0.4364
0.437739
0.215076
0.282455
0.165546
0.43997
0.423906
0.126726
0.502886
0.0397133
0.148144
0.277547
0.170901
0.116016
0.282455
0.415874
0.273085
0.285132
0.408288
0.441308
0.0954904
0.416766
0.263714
0.473882
0.0838887
0.0807652
0.309674
0.447109
0.0196335
0.102184
0.40695
0.131188
0.291826
0.445324
0.0356973
0.268622
0.184734
0.406503
0.01651
0.207937
0.137881
0.278885
0.407842
0.243634
0.137435
0.269515
0.242296
0.0990601
0.0419444
0.253451
0.343587
0.137881
0.44934
0.31369
0.169116
0.259698
0.0611317
0.347157
0.416766
0.0928131
0.451571
0.343141
0.316814
0.279778
0.434169
0.435061
0.327969
0.215076
0.429707
0.398918
0.0245419
0.260591
0.290933
0.198566
0.350726
0.04953
0.401149
0.443093
0.457372
0.522073
0.0673787
0.137881
0.0379284
0.0682711
0.46585
0.338678
0.329308
0.096829
0.250328
0.0138327
0.43283
0.0397133
0.326184
0.407396
0.351619
0.228463
0.314136
0.148144
0.183841
0.347603
0.28781
0.220431
0.110662
0.219985
0.4364
0.0986139
0.361435
0.378392
0.382854
0.0883509
0.332878
0.329754
0.265945
0.151267
0.493516
0.117801
0.125387
0.17804
0.0589006
0.340909
0.119586
0.302089
0.0696098
0.428368
0.355188
0.101291
0.0642552
0.0611317
0.319491
0.203029
0.407842
0.418551
0.405165
0.287364
0.418997
0.330647
0.290041
0.385531
0.117801
0.0589006
0.335109
0.402487
0.0615779
0.0566695
0.0794266
0.119586
0.442201
0.351172
0.154837
0.223108
0.406057
0.355188
0.145913
0.447109
0.239172
0.163315
0.167777
0.153499
0.215969
0.41989
0.329754
0.223555
0.186965
0.356081
0.0816576
0.205706
0.0111554
0.0580082
0.168224
0.253897
0.130741
0.130295
0.0736257
0.150375
0.223555
0.143236
0.161977
0.328862
0.220877
0.190981
0.178933
0.417213
0.141004
0.262375
0.195443
0.107092
0.344479
0.41989
0.286917
0.437292
0.415428
0.215523
0.419444
0.33734
0.360543
0.354296
0.0544384
0.335109
0.215969
0.103076
0.358312
0.197674
0.179379
0.321722
0.402041
0.434169
0.17224
0.242296
0.375268
0.440416
0.325292
0.303874
0.0986139
0.063809
0.0892433
0.264606
0.163761
0.33734
0.0673787
0.30075
0.44934
0.373483
0.0821039
0.10263
0.144128
0.275762
0.18518
0.432384
0.106646
0.0896895
0.223108
0.194104
0.40695
0.402487
0.311013
0.455587
0.0307889
0.236941
0.157068
0.0553309
0.502886
0.352511
0.167331
0.265945
0.0602392
0.38687
0.074072
0.378838
0.172686
0.364113
0.0566695
0.199905
0.286025
0.0120478
0.207491
0.381961
0.022757
0.0513149
