100
-96887
319216
207381
-42792
-136485
-139446
460725
-195810
-218862
-46032
-183339
474631
87681
115257
-481407
108019
476735
-207495
60845
204634
109063
-227401
402601
131501
-59386
-315182
302741
-354882
477912
194828
-297595
-395364
-121961
-1559
-212300
83025
494911
334795
-416222
-65756
33411
-378485
-322600
-166742
-497882
399712
212674
233419
111362
290530
-179007
-484962
327927
440204
127561
236615
-465454
92818
179869
-20956
-275578
134370
143168
323177
-220213
-418751
-115499
218782
-457171
151923
-372702
-415906
71862
-35381
-436476
-464449
170955
-53766
304621
218314
55631
-56916
230668
21936
-311819
-97623
345159
258025
-70534
-245616
462661
-119752
-359041
271572
-294708
-330937
437858
-56126
-464350
10112
