100
0.0111554
0.0120478
0.0111554
0.00981677
0.0111554
0.0120478
0.010263
0.0124941
0.0111554
0.0124941
0.0120478
0.010263
0.0120478
0.00847812
0.0120478
0.0116016
0.0116016
0.0116016
0.00937055
0.0116016
0.0111554
0.00847812
0.0133865
0.00847812
0.00892433
0.0124941
0.00847812
0.00847812
0.0111554
0.00892433
0.0142789
0.0080319
0.00847812
0.0133865
0.0080319
0.0129403
0.00981677
0.00937055
0.0133865
0.0080319
0.0138327
0.00892433
0.00847812
0.00847812
0.00847812
0.0138327
0.00892433
0.00892433
0.00892433
0.00847812
0.0124941
0.00892433
0.00892433
0.00847812
0.00847812
0.00847812
0.0107092
0.0080319
0.00892433
0.00847812
0.0080319
0.0147251
0.00847812
0.00847812
0.00937055
0.00937055
0.0147251
0.00847812
0.00847812
0.00847812
0.00892433
0.0191873
0.00847812
0.00892433
0.00892433
0.00937055
0.0138327
0.00937055
0.00892433
0.00937055
0.00892433
0.0142789
0.00892433
0.00937055
0.00892433
0.0080319
0.0174024
0.00937055
0.00937055
0.00847812
0.00892433
0.00937055
0.00937055
0.00892433
0.00937055
0.00847812
0.0169562
0.00892433
0.00937055
0.00937055
