100
0.462727
0.466296
0.466743
0.455587
0.474774
0.478344
0.486822
0.46585
0.461834
0.498424
0.481022
0.479237
0.516273
0.471205
0.488161
0.483253
0.493516
0.580082
0.461834
0.453356
0.463173
0.478344
0.464065
0.461388
0.485037
0.457372
0.462727
0.468974
0.461388
0.484591
0.452017
0.476113
0.46585
0.470759
0.493516
0.455587
0.503332
0.466743
0.461388
0.463173
0.486376
0.530552
0.55197
0.464511
0.461834
0.464065
0.463173
0.463619
0.444878
0.487715
0.563572
0.46585
0.44577
0.466743
0.491284
0.464958
0.481022
0.472097
0.468527
0.463173
0.483253
0.482806
0.465404
0.483253
0.552862
0.485037
0.488607
0.487715
0.525643
0.507348
0.472543
0.500655
0.480129
0.479237
0.466743
0.493069
0.477006
0.466743
0.4953
0.485037
0.491731
0.486376
0.460496
0.458711
0.468527
0.473882
0.480575
0.508687
0.460496
0.488607
0.47879
0.485484
0.466296
0.483253
0.49887
0.483699
0.461388
0.468527
0.463173
0.463173
