100
0.891095
0.992386
0.940625
1.05976
0.935716
0.903142
0.920099
0.924115
0.912959
0.978553
0.949995
0.893772
0.914744
0.929023
0.94821
0.921884
0.952672
0.915637
0.912067
0.951334
0.900019
0.919652
0.912067
0.910282
0.914744
0.919206
0.925007
0.891095
0.91876
0.910728
0.914298
0.926346
0.920099
0.931254
0.924561
0.959812
0.904035
0.912959
0.888864
0.903589
0.913852
1.01291
0.899573
0.909389
0.913852
0.912067
0.914298
0.95178
0.949549
0.919206
0.954457
0.904035
0.94821
0.928131
0.86923
0.908497
0.897788
0.974983
0.887971
0.887971
0.924561
0.905374
0.949995
0.896895
0.918314
0.887525
0.917868
0.904035
0.980338
0.891987
0.900465
0.963828
0.940625
0.913852
0.917421
0.904481
0.924561
0.909389
0.904927
0.923222
0.972752
0.920545
0.953119
0.937501
0.914744
0.903589
0.966059
0.958027
0.904481
0.920991
0.916529
0.914298
0.977214
0.921884
0.903589
0.903589
0.924561
0.911621
0.899126
0.911621
