100
0.241403
0.257913
0.235602
0.248989
0.235602
0.255236
0.235156
0.277547
0.242742
0.232479
0.276654
0.277993
0.234264
0.302089
0.261037
0.250774
0.23114
0.268176
0.257467
0.232925
0.275762
0.230694
0.237387
0.267284
0.229802
0.273977
0.261929
0.235156
0.286917
0.231586
0.272638
0.264606
0.275762
0.259698
0.277547
0.246312
0.253897
0.241849
0.256575
0.233818
0.248096
0.236495
0.262822
0.239172
0.256128
0.238726
0.23828
0.251666
0.23828
0.248096
0.23471
0.23114
0.24408
0.229355
0.237387
0.252559
0.245419
0.254343
0.24408
0.256575
0.233818
0.247204
0.232033
0.24408
0.240511
0.254343
0.242296
0.248543
0.336894
0.248096
0.232033
0.231586
0.252112
0.253005
0.248989
0.233371
0.257467
0.232479
0.242742
0.26416
0.243634
0.231586
0.245865
0.23114
0.24765
0.240511
0.269961
0.229355
0.252112
0.241849
0.242742
0.254343
0.245865
0.22757
0.25479
0.228017
0.24408
0.230694
0.236049
0.255236
