100
0.0530998
0.0499763
0.151267
0.0499763
0.0513149
0.0499763
0.0642552
0.0441754
0.063809
0.0530998
0.0709484
0.0414981
0.0611317
0.0419444
0.0423906
0.0629165
0.0428368
0.0647014
0.0446217
0.0633628
0.0423906
0.0620241
0.043283
0.0611317
0.0423906
0.0629165
0.0419444
0.0620241
0.0428368
0.0611317
0.0428368
0.0615779
0.0428368
0.0620241
0.0437292
0.0655938
0.0678249
0.063809
0.0423906
0.0647014
0.043283
0.0651476
0.0419444
0.0642552
0.0428368
0.0651476
0.0437292
0.0669325
0.043283
0.0651476
0.0428368
0.0642552
0.0419444
0.0647014
0.0414981
0.0651476
0.043283
0.0629165
0.0423906
0.0428368
0.0655938
0.0419444
0.0647014
0.0423906
0.0624703
0.0428368
0.0620241
0.0437292
0.0655938
0.0428368
0.0642552
0.0423906
0.0709484
0.0428368
0.0651476
0.0423906
0.0722871
0.0428368
0.0673787
0.0428368
0.063809
0.0428368
0.0713947
0.0428368
0.0606855
0.0423906
0.070056
0.0437292
0.0651476
0.0419444
0.0709484
0.0414981
0.0669325
0.0419444
0.103076
0.0428368
0.166439
0.0722871
0.101737
0.0687174
