100
0.0142789
0.0133865
0.0147251
0.0142789
0.0133865
0.0133865
0.0129403
0.0129403
0.0133865
0.0124941
0.108877
0.0147251
0.0138327
0.0147251
0.0142789
0.0142789
0.0142789
0.0392671
0.0142789
0.0142789
0.0142789
0.0142789
0.0142789
0.0142789
0.0142789
0.0138327
0.0142789
0.0138327
0.0133865
0.0138327
0.0142789
0.0142789
0.0142789
0.0138327
0.0142789
0.0142789
0.0138327
0.0361435
0.0138327
0.0138327
0.0138327
0.0133865
0.0147251
0.0142789
0.0138327
0.0138327
0.0133865
0.0138327
0.0138327
0.0142789
0.0142789
0.0147251
0.0142789
0.0142789
0.0142789
0.0142789
0.0401595
0.0142789
0.0374822
0.0142789
0.0142789
0.0138327
0.0138327
0.0142789
0.0138327
0.0142789
0.0138327
0.0214184
0.0142789
0.0138327
0.0147251
0.0142789
0.0142789
0.0142789
0.0142789
0.0151714
0.0142789
0.0138327
0.0379284
0.0147251
0.0142789
0.0147251
0.0138327
0.0147251
0.0138327
0.0147251
0.0142789
0.0147251
0.0147251
0.0142789
0.0147251
0.0142789
0.0142789
0.0147251
0.0142789
0.0138327
0.0147251
0.0133865
0.0147251
0.0379284
