100
74.7011
75.158
75.5164
74.0081
76.5021
78.149
75.4633
72.5272
74.6159
73.0582
72.5361
72.7284
72.9868
73.2946
72.4031
72.3076
75.449
74.7261
72.9832
75.3089
74.6007
73.6918
74.5704
75.2178
75.3995
74.5699
73.4468
72.9238
72.4205
72.3023
73.246
73.9198
73.7667
73.408
73.0845
73.3714
74.2977
75.8113
73.2313
72.649
73.6971
74.5249
74.6324
73.611
74.4682
72.7315
73.4696
74.0532
74.4878
73.5584
72.8551
73.7413
74.2768
73.3669
73.6262
72.8471
72.3107
73.9849
77.963
73.8082
73.8127
73.1313
73.1911
74.0831
73.043
74.466
73.7904
73.7654
74.1148
74.6886
73.3531
74.5012
74.1853
74.4704
74.1996
73.3
73.9693
73.2139
73.516
73.748
73.8935
73.9368
74.2678
73.5347
74.0889
74.4825
74.0363
73.4722
73.1452
73.2951
74.6132
73.0881
73.2964
73.279
72.8721
73.3964
72.4165
73.7565
72.3536
73.0408
