100
357.963
362.393
359.66
356.229
351.797
353.514
351.574
350.66
357.247
352.88
360.929
356.455
356.803
354.711
355.541
360.058
358.596
356.843
358.83
358.728
355.099
354.036
354.927
354.868
358.632
352.737
358.228
350.567
352.289
356.671
357.248
364.569
357.033
360.377
353.192
355.433
360.452
355.913
354.093
354.003
354.21
365.936
355.428
354.154
363.43
352.669
355.271
350.226
357.113
359.267
353.79
357.899
351.222
359.472
354.188
359.364
358.119
348.854
357.174
359.087
355.286
359.557
361.95
356.662
361.256
352.5
361.215
357.722
355.153
351.55
354.018
366.069
351.907
354.985
350.58
358.471
358.029
364.773
355.553
359.075
362.073
362.341
355.435
357.501
363.612
366.279
371.096
360.699
362.294
366.101
358.032
374.277
370.852
360.841
366.446
356.005
364.93
357.909
352.156
353.736
