100
14.755
14.7885
14.718
14.3994
14.2093
14.7296
14.4124
14.6212
14.4364
14.768
14.6676
14.5596
14.2227
14.4489
14.5658
14.6216
14.4775
14.6747
14.7858
14.8742
14.3664
14.6466
14.7122
14.7675
14.4713
14.5949
14.7037
14.6622
14.278
14.5261
14.1357
14.5476
14.6114
14.3588
14.1205
14.5712
14.4115
14.3209
14.4958
14.7519
14.9045
15.2013
15.0277
14.959
15.0495
15.0134
14.9933
14.6578
14.6319
14.8032
14.7961
15.2379
14.7823
14.8224
14.9233
14.9991
15.1781
14.378
14.8987
14.4663
14.7149
14.9773
14.8287
14.9344
14.9005
14.9059
14.8447
15.0513
14.8514
15.2718
14.7765
14.6845
15.0585
14.6439
14.6877
14.6689
14.8447
14.8782
14.6127
15.1785
15.1839
15.3142
15.0839
14.6453
14.6716
14.9929
14.3352
15.0661
14.7426
14.739
14.6783
14.7693
14.8675
14.9866
14.7037
14.9929
14.7229
14.8296
14.747
14.6292
