100
0.378838
0.402487
0.383746
0.385977
0.404718
0.379284
0.402041
0.379284
0.40338
0.388208
0.397133
0.378838
0.41275
0.382854
0.403826
0.37973
0.402041
0.379284
0.402041
0.380623
0.405165
0.387762
0.407842
0.382408
0.404718
0.381961
0.405611
0.383746
0.410966
0.381515
0.40695
0.381069
0.404718
0.384193
0.404272
0.422121
0.404272
0.380623
0.404718
0.378838
0.406057
0.380177
0.405165
0.379284
0.402041
0.380623
0.40338
0.380623
0.380177
0.404718
0.37973
0.401149
0.380177
0.400703
0.384193
0.402934
0.381961
0.414535
0.381515
0.404272
0.380177
0.400256
0.381515
0.401595
0.385977
0.401149
0.417659
0.402041
0.378392
0.402041
0.380623
0.401595
0.378392
0.402934
0.380177
0.402041
0.381515
0.407396
0.381515
0.406057
0.380623
0.405611
0.381069
0.39981
0.378392
0.39981
0.383746
0.402934
0.382408
0.416766
0.924561
0.386424
0.393117
0.385977
0.410519
0.3833
0.428814
0.382408
0.404272
0.378838
