100
0.043283
0.0660401
0.0423906
0.0642552
0.043283
0.063809
0.0428368
0.0660401
0.043283
0.0437292
0.0655938
0.0441754
0.0669325
0.043283
0.0673787
0.0428368
0.0673787
0.0423906
0.063809
0.0423906
0.0651476
0.0428368
0.063809
0.0419444
0.0633628
0.0419444
0.0660401
0.0419444
0.0629165
0.0419444
0.0633628
0.0419444
0.0624703
0.0423906
0.063809
0.043283
0.0660401
0.0423906
0.0629165
0.0423906
0.0633628
0.0419444
0.0642552
0.0423906
0.0642552
0.0437292
0.0655938
0.0446217
0.0660401
0.0428368
0.0651476
0.0437292
0.0647014
0.0419444
0.0428368
0.0678249
0.0428368
0.0664863
0.0441754
0.0673787
0.0428368
0.0655938
0.043283
0.0687174
0.0437292
0.0682711
0.0437292
0.0660401
0.0437292
0.0678249
0.0441754
0.0678249
0.0423906
0.0651476
0.0423906
0.0655938
0.0423906
0.0642552
0.0705022
0.0647014
0.0423906
0.0642552
0.043283
0.0655938
0.043283
0.0651476
0.0423906
0.0758568
0.0450679
0.0655938
0.0428368
0.0651476
0.0437292
0.0647014
0.043283
0.0624703
0.053546
0.0423906
0.0664863
0.0428368
