100
0.00847812
0.00937055
0.00847812
0.00892433
0.00847812
0.00847812
0.00847812
0.00847812
0.00892433
0.00892433
0.00892433
0.00937055
0.00847812
0.00892433
0.00937055
0.00847812
0.03302
0.00847812
0.00847812
0.00847812
0.00847812
0.00847812
0.00892433
0.00892433
0.00892433
0.00892433
0.00892433
0.00847812
0.00892433
0.00892433
0.00847812
0.00981677
0.00937055
0.00937055
0.00981677
0.00937055
0.0303427
0.00937055
0.00847812
0.00847812
0.00892433
0.00937055
0.00892433
0.00892433
0.0080319
0.00937055
0.00981677
0.00892433
0.00937055
0.00981677
0.00937055
0.00937055
0.00892433
0.00937055
0.00892433
0.00847812
0.00937055
0.0307889
0.00892433
0.00937055
0.00847812
0.00892433
0.00937055
0.00937055
0.00981677
0.00937055
0.00937055
0.00981677
0.00981677
0.00981677
0.00937055
0.00981677
0.00937055
0.00892433
0.00937055
0.00981677
0.00937055
0.0325738
0.00847812
0.00892433
0.00847812
0.00892433
0.00937055
0.00892433
0.00892433
0.00937055
0.00892433
0.00892433
0.00892433
0.00847812
0.00847812
0.00847812
0.00981677
0.00937055
0.00937055
0.00937055
0.00937055
0.00937055
0.0334662
0.00892433
