100
0.488607
0.497532
0.481022
0.471651
0.475221
0.477898
0.468081
0.476113
0.499316
0.48236
0.471651
0.475221
0.459157
0.473436
0.48593
0.485037
0.476559
0.489946
0.475221
0.472543
0.468974
0.472097
0.582759
0.474774
0.481468
0.486376
0.554647
0.504225
0.512257
0.560894
0.524751
0.468974
0.46942
0.484145
0.458264
0.50244
0.485037
0.474328
0.470312
0.477452
0.470312
0.491284
0.485037
0.4895
0.4895
0.478344
0.486376
0.471651
0.4895
0.501994
0.505117
0.48593
0.460942
0.488161
0.491284
0.470312
0.453802
0.493069
0.476113
0.473882
0.526536
0.453802
0.473882
0.474774
0.468974
0.489053
0.474328
0.471651
0.460942
0.486376
0.46942
0.502886
0.475221
0.47299
0.456926
0.481914
0.526536
0.491731
0.471651
0.526536
0.477006
0.476559
0.470312
0.510472
0.473882
0.471205
0.470759
0.469866
0.467189
0.476113
0.514488
0.469866
0.461834
0.477006
0.488161
0.484591
0.482806
0.4895
0.529659
0.483699
