100
0.252112
0.244973
0.294949
0.241849
0.278439
0.260144
0.307889
0.236941
0.232479
0.280224
0.2713
0.266391
0.249881
0.23471
0.290487
0.259252
0.248543
0.233371
0.265053
0.277993
0.237387
0.268176
0.233371
0.245419
0.239172
0.259252
0.233818
0.270407
0.233371
0.258806
0.248543
0.285132
0.288702
0.274869
0.256128
0.264606
0.252112
0.262375
0.266838
0.24765
0.269069
0.273531
0.26416
0.278439
0.236049
0.24408
0.281116
0.267284
0.277547
0.261483
0.275316
0.242296
0.240957
0.259698
0.258806
0.25122
0.266391
0.244973
0.25122
0.233818
0.254343
0.236941
0.233371
0.248096
0.263714
0.275316
0.264606
0.273531
0.276208
0.259698
0.262375
0.244973
0.265945
0.277547
0.269069
0.266838
0.261483
0.276654
0.23828
0.265499
0.239172
0.277547
0.264606
0.251666
0.267284
0.248989
0.231586
0.246758
0.233818
0.235602
0.271746
0.237387
0.255682
0.255236
0.268176
0.275762
0.259698
0.257913
0.296734
0.235156
