100
0.936162
0.979892
1.5274
0.953119
0.954457
1.02184
0.960704
0.914744
0.93884
0.958027
0.935716
0.924115
0.936609
0.939286
0.920991
0.912513
0.957135
0.933931
0.902696
0.916083
0.91519
0.926792
0.934824
0.88574
0.906266
0.925007
0.929469
0.9317
1.0147
0.921437
0.93527
0.908497
0.929023
0.901804
0.90582
0.926346
0.904927
0.925453
0.894664
0.925007
0.89868
0.931254
0.898234
0.936162
0.932147
0.932147
0.929915
0.98123
0.930362
0.921884
0.947318
0.924561
0.937947
0.916529
0.954011
0.942856
0.924115
0.925453
0.947318
0.932147
0.920545
0.96472
0.911174
0.937055
0.92233
0.9317
0.921884
0.911174
0.903589
0.892433
0.918314
0.929915
1.01559
0.885294
0.9317
0.915637
0.883509
0.942856
0.962043
0.896895
0.994617
0.928131
0.910728
0.910282
0.966951
0.886186
0.896449
0.930362
0.9317
0.948657
0.933931
0.910728
0.908943
0.919206
0.888417
1.06333
0.943302
0.896895
0.918314
0.932593
