100
0.010263
0.010263
0.010263
0.010263
0.00981677
0.010263
0.00981677
0.00981677
0.010263
0.00981677
0.010263
0.00981677
0.0111554
0.010263
0.010263
0.0107092
0.010263
0.0107092
0.010263
0.00981677
0.0107092
0.00981677
0.0107092
0.010263
0.00981677
0.00937055
0.0107092
0.00981677
0.0107092
0.010263
0.0107092
0.00981677
0.010263
0.010263
0.0151714
0.0107092
0.00981677
0.00937055
0.0107092
0.010263
0.00981677
0.0107092
0.00937055
0.0107092
0.0107092
0.00981677
0.010263
0.0107092
0.00981677
0.0107092
0.00981677
0.00937055
0.00937055
0.00981677
0.010263
0.00937055
0.0107092
0.00981677
0.010263
0.00981677
0.00937055
0.0107092
0.010263
0.010263
0.0107092
0.010263
0.010263
0.010263
0.010263
0.0107092
0.010263
0.010263
0.010263
0.00937055
0.00937055
0.0107092
0.00981677
0.0107092
0.0107092
0.010263
0.010263
0.010263
0.010263
0.0107092
0.0107092
0.010263
0.0107092
0.0107092
0.010263
0.0111554
0.0107092
0.010263
0.010263
0.010263
0.010263
0.010263
0.0107092
0.010263
0.010263
0.00981677
