100
0.0169562
0.0174024
0.0178487
0.0174024
0.0174024
0.01651
0.0174024
0.0169562
0.0169562
0.0174024
0.0169562
0.0174024
0.0169562
0.01651
0.0174024
0.01651
0.0174024
0.0169562
0.0406057
0.0160638
0.0169562
0.0169562
0.0174024
0.0169562
0.0169562
0.0174024
0.0169562
0.0174024
0.0169562
0.0169562
0.0169562
0.0174024
0.0169562
0.0169562
0.01651
0.0174024
0.0174024
0.0160638
0.0174024
0.0174024
0.0174024
0.0174024
0.0174024
0.0174024
0.0174024
0.0174024
0.0174024
0.0182949
0.0169562
0.0174024
0.0174024
0.0174024
0.0174024
0.01651
0.0174024
0.01651
0.0169562
0.0174024
0.0174024
0.0174024
0.01651
0.0174024
0.0178487
0.0174024
0.0174024
0.0169562
0.0174024
0.0169562
0.0174024
0.0174024
0.0174024
0.0174024
0.0174024
0.0169562
0.0174024
0.0169562
0.0160638
0.0174024
0.0169562
0.0174024
0.0169562
0.0174024
0.01651
0.0174024
0.01651
0.0174024
0.0174024
0.01651
0.0169562
0.0169562
0.01651
0.0169562
0.0169562
0.0169562
0.0169562
0.0169562
0.01651
0.0169562
0.0174024
0.0174024
