100
0.332878
0.33734
0.33734
0.33734
0.351172
0.335555
0.339571
0.336894
0.336447
0.338232
0.338678
0.338678
0.339125
0.345372
0.34671
0.339125
0.336894
0.335555
0.33734
0.336001
0.335555
0.336447
0.336001
0.334662
0.339571
0.336447
0.342694
0.340017
0.344479
0.336001
0.335555
0.345818
0.335555
0.335555
0.336001
0.337786
0.360097
0.335555
0.350726
0.335109
0.348941
0.335555
0.33734
0.336447
0.33734
0.335555
0.338678
0.340017
0.335555
0.335109
0.335109
0.336001
0.335555
0.336894
0.335555
0.336001
0.331985
0.332431
0.332878
0.332878
0.33734
0.332431
0.331539
0.352065
0.335555
0.335109
0.332431
0.334216
0.321722
0.332431
0.331985
0.334662
0.334662
0.334662
0.331985
0.332431
0.333324
0.35385
0.332431
0.330647
0.341802
0.330647
0.33734
0.331093
0.33734
0.331539
0.33377
0.335555
0.332431
0.332878
0.332431
0.331985
0.331985
0.334216
0.334662
0.331985
0.334216
0.332878
0.347157
0.344479
