100
10.765
10.4138
10.3683
10.4928
10.6824
10.9466
10.9198
10.8408
10.835
10.8364
10.8399
10.8739
10.8185
10.7775
10.8698
10.682
10.8444
10.7476
10.7431
10.8783
10.7752
10.5793
10.3928
10.7404
10.7342
10.8399
10.9296
10.6811
10.6949
10.6262
10.4348
10.6574
11.0104
10.5722
11.146
10.5566
10.997
10.7507
10.7154
10.4156
10.5767
10.5254
10.5401
10.5789
10.6922
10.5553
10.8698
10.7186
10.6927
10.5677
10.7083
10.8087
10.815
10.6289
10.8667
10.6958
10.4593
10.5561
10.6985
10.6914
10.781
10.5187
10.6208
10.5039
10.3982
10.6931
10.5789
10.4705
10.557
10.5477
10.715
10.624
10.7516
10.7168
10.5713
10.516
10.7092
10.5976
10.4517
10.6329
10.4397
10.9765
10.7935
11.0332
10.7088
10.6481
10.6998
10.8797
10.8618
10.81
10.6499
10.5619
10.6217
10.5669
10.8899
10.8034
10.7641
10.6659
10.5981
10.8096
