100
0.00758568
0.00758568
0.00847812
0.00758568
0.0107092
0.00713947
0.00758568
0.00758568
0.00713947
0.010263
0.00713947
0.00758568
0.00758568
0.00758568
0.00713947
0.00713947
0.00713947
0.00713947
0.00758568
0.00758568
0.00758568
0.00758568
0.00713947
0.0080319
0.00713947
0.00758568
0.00758568
0.00758568
0.00758568
0.00758568
0.00758568
0.00713947
0.00758568
0.00713947
0.00713947
0.00758568
0.00758568
0.00758568
0.00713947
0.00713947
0.00713947
0.00713947
0.00713947
0.00758568
0.00758568
0.00669325
0.00758568
0.00713947
0.00713947
0.00713947
0.00713947
0.00713947
0.00713947
0.00758568
0.00758568
0.00758568
0.00758568
0.0080319
0.00758568
0.00713947
0.00758568
0.00713947
0.00758568
0.00758568
0.00758568
0.00758568
0.00758568
0.00713947
0.00758568
0.00713947
0.0080319
0.00758568
0.00713947
0.00758568
0.00758568
0.00758568
0.00758568
0.00713947
0.0080319
0.00669325
0.00713947
0.00713947
0.0080319
0.00758568
0.00758568
0.00758568
0.00713947
0.00758568
0.00758568
0.00713947
0.00713947
0.00758568
0.00758568
0.00758568
0.00758568
0.00713947
0.00713947
0.00713947
0.00758568
0.00713947
