100
0.0236495
0.0236495
0.0232033
0.0236495
0.0240957
0.0240957
0.0240957
0.0240957
0.0232033
0.0236495
0.0223108
0.0240957
0.0240957
0.0236495
0.0240957
0.022757
0.0240957
0.0223108
0.0232033
0.0232033
0.0236495
0.0240957
0.03302
0.022757
0.0236495
0.022757
0.0236495
0.0236495
0.0240957
0.022757
0.0236495
0.0236495
0.0223108
0.0232033
0.0240957
0.0236495
0.0223108
0.0325738
0.0240957
0.0240957
0.0236495
0.0325738
0.0236495
0.022757
0.0361435
0.0236495
0.0232033
0.0232033
0.0223108
0.0236495
0.0236495
0.0236495
0.0236495
0.0236495
0.0236495
0.0236495
0.0232033
0.0236495
0.0240957
0.0223108
0.0236495
0.0223108
0.0232033
0.0236495
0.0223108
0.0236495
0.0223108
0.022757
0.0223108
0.0232033
0.0236495
0.0232033
0.0240957
0.0236495
0.0223108
0.022757
0.0236495
0.0236495
0.0236495
0.0240957
0.0236495
0.0240957
0.0232033
0.0236495
0.0236495
0.0236495
0.0236495
0.0240957
0.0236495
0.0236495
0.0236495
0.0236495
0.0240957
0.0236495
0.0232033
0.0240957
0.0236495
0.0223108
0.0240957
0.0236495
