100
0.00937055
0.00937055
0.00937055
0.00937055
0.00892433
0.00892433
0.00937055
0.00892433
0.00847812
0.00892433
0.00937055
0.00892433
0.00937055
0.00937055
0.00981677
0.00937055
0.00937055
0.00892433
0.00892433
0.00937055
0.00892433
0.00892433
0.00892433
0.00892433
0.00937055
0.00937055
0.00937055
0.00892433
0.00937055
0.00892433
0.00937055
0.00847812
0.00892433
0.00892433
0.00937055
0.00937055
0.00847812
0.00937055
0.00892433
0.00937055
0.00937055
0.010263
0.00937055
0.00892433
0.00937055
0.00847812
0.00892433
0.00892433
0.00892433
0.00892433
0.00937055
0.00892433
0.00892433
0.00892433
0.00937055
0.00847812
0.00937055
0.00892433
0.00892433
0.00892433
0.00847812
0.00937055
0.00892433
0.00937055
0.00892433
0.00892433
0.00937055
0.00847812
0.00847812
0.00847812
0.00847812
0.00892433
0.00847812
0.00892433
0.00937055
0.00892433
0.00847812
0.00892433
0.00892433
0.00937055
0.00892433
0.00847812
0.00892433
0.00847812
0.0325738
0.00892433
0.00847812
0.00847812
0.00892433
0.00937055
0.00892433
0.00892433
0.00847812
0.00937055
0.00892433
0.00937055
0.00937055
0.00892433
0.00937055
0.00892433
