100
0.00446217
0.00401595
0.00446217
0.00446217
0.00490838
0.00446217
0.00446217
0.00490838
0.00446217
0.0053546
0.00446217
0.00490838
0.0053546
0.00490838
0.0053546
0.00490838
0.00446217
0.00490838
0.00446217
0.0053546
0.00446217
0.00490838
0.0053546
0.00490838
0.00490838
0.00446217
0.00490838
0.00490838
0.00490838
0.0053546
0.0053546
0.00490838
0.0053546
0.0053546
0.00446217
0.00446217
0.00446217
0.00490838
0.0053546
0.00446217
0.00490838
0.00446217
0.00446217
0.00446217
0.00490838
0.00490838
0.00446217
0.0053546
0.00490838
0.00490838
0.00490838
0.00446217
0.00490838
0.00401595
0.0053546
0.00446217
0.00490838
0.00446217
0.00446217
0.00446217
0.00446217
0.00401595
0.00446217
0.00490838
0.00446217
0.00490838
0.00446217
0.00446217
0.00446217
0.00446217
0.00446217
0.00401595
0.00446217
0.00490838
0.0053546
0.0053546
0.00446217
0.00446217
0.0053546
0.00490838
0.00892433
0.00446217
0.00401595
0.00490838
0.0133865
0.00490838
0.00490838
0.00490838
0.00446217
0.00446217
0.00446217
0.00490838
0.00401595
0.00446217
0.00446217
0.00490838
0.0053546
0.00401595
0.00446217
0.00446217
