100
183.432
187.472
186.199
182.727
187.258
183.949
184.995
183.758
186.156
183.327
183.599
181.995
188.886
187.893
188.12
183.542
187.591
187.137
183.94
185.208
180.521
185.535
184.559
185.588
184.07
182.882
184.551
183.662
185.393
184.494
184.519
187.631
186.571
186.559
184.103
184.054
186.148
182.957
183.143
182.805
186.218
181.55
183.395
182.922
188.757
187.889
184.849
182.693
185.992
183.1
184.308
183.671
186.101
183.944
185.038
183.49
184.215
184.725
186.544
185.314
185.804
184.616
183.661
184.907
185.572
183.648
183.419
182.751
187.547
183.794
184.583
184.428
186.089
182.625
183.727
183.849
182.543
181.353
182.156
182.471
185.703
183.191
183.161
182.259
185.656
183.164
183.297
183.088
186.017
183.316
182.519
182.7
183.066
182.474
181.574
186.61
183.76
184.423
182.697
185.517
