100
0.0138327
0.0133865
0.0129403
0.0133865
0.0138327
0.0138327
0.0142789
0.0142789
0.0133865
0.0138327
0.0138327
0.0133865
0.0138327
0.0138327
0.0142789
0.0142789
0.0138327
0.0200797
0.0142789
0.0138327
0.0142789
0.0133865
0.0133865
0.0138327
0.0142789
0.0138327
0.0133865
0.0133865
0.0138327
0.0142789
0.0133865
0.0142789
0.0138327
0.0138327
0.0133865
0.0129403
0.0142789
0.0142789
0.0138327
0.0138327
0.0142789
0.0142789
0.0129403
0.0138327
0.0133865
0.0133865
0.0142789
0.0142789
0.0133865
0.0133865
0.0133865
0.0133865
0.0133865
0.0276654
0.0138327
0.0129403
0.0138327
0.0138327
0.0142789
0.0138327
0.0142789
0.0133865
0.0129403
0.0133865
0.0138327
0.0138327
0.0133865
0.0129403
0.0133865
0.0138327
0.0142789
0.0138327
0.0142789
0.0138327
0.0138327
0.0138327
0.0142789
0.0133865
0.0138327
0.0133865
0.0133865
0.0133865
0.0142789
0.0138327
0.0142789
0.0142789
0.0133865
0.0129403
0.0138327
0.0133865
0.0129403
0.0138327
0.0223108
0.0142789
0.0138327
0.0142789
0.0142789
0.0138327
0.0142789
0.0142789
