100
0.00490838
0.00490838
0.00669325
0.0053546
0.00490838
0.00490838
0.00490838
0.00490838
0.00490838
0.0053546
0.00490838
0.00446217
0.00490838
0.00490838
0.0053546
0.00669325
0.00490838
0.00490838
0.00713947
0.00490838
0.00490838
0.00490838
0.00490838
0.00490838
0.00446217
0.00446217
0.00490838
0.00490838
0.00490838
0.00490838
0.0053546
0.00490838
0.0053546
0.00490838
0.00490838
0.00490838
0.00490838
0.00490838
0.00490838
0.0053546
0.00580082
0.00446217
0.00490838
0.00490838
0.00490838
0.00490838
0.00490838
0.00490838
0.00490838
0.00490838
0.00490838
0.00490838
0.00446217
0.00490838
0.00490838
0.00490838
0.00490838
0.00490838
0.00490838
0.0053546
0.00490838
0.00490838
0.00490838
0.00490838
0.00490838
0.00490838
0.0053546
0.00490838
0.00490838
0.00490838
0.0053546
0.00490838
0.0053546
0.00490838
0.00490838
0.00490838
0.00490838
0.00490838
0.00490838
0.00490838
0.00490838
0.00446217
0.00490838
0.0053546
0.00490838
0.00490838
0.00490838
0.00490838
0.00490838
0.0053546
0.00446217
0.00490838
0.00490838
0.00490838
0.00490838
0.00490838
0.00490838
0.00490838
0.00490838
0.00490838
