100
0.00490838
0.0053546
0.0053546
0.0053546
0.0053546
0.00490838
0.00490838
0.0053546
0.0053546
0.0053546
0.00490838
0.00490838
0.0053546
0.0053546
0.0053546
0.0053546
0.0053546
0.00490838
0.0053546
0.0053546
0.00490838
0.0053546
0.0053546
0.0053546
0.0053546
0.00580082
0.0053546
0.00580082
0.00490838
0.00490838
0.0053546
0.0053546
0.00490838
0.0053546
0.0053546
0.0053546
0.0053546
0.00490838
0.0053546
0.0053546
0.00580082
0.00490838
0.00490838
0.00490838
0.0053546
0.00490838
0.0053546
0.00490838
0.0053546
0.00490838
0.0053546
0.0053546
0.0053546
0.0053546
0.0053546
0.0053546
0.00490838
0.0053546
0.0053546
0.00580082
0.0053546
0.0053546
0.0053546
0.00490838
0.00490838
0.0053546
0.00580082
0.0053546
0.00490838
0.0053546
0.0053546
0.0053546
0.0053546
0.0053546
0.00580082
0.0053546
0.0053546
0.0053546
0.00490838
0.0053546
0.00490838
0.0053546
0.0053546
0.00490838
0.0053546
0.0053546
0.00490838
0.0053546
0.0053546
0.0053546
0.00847812
0.00490838
0.0053546
0.0053546
0.00490838
0.0053546
0.0053546
0.0053546
0.00490838
0.0053546
