100
44.0211
45.5315
45.2553
45.7144
44.7145
45.0076
44.4369
44.9528
44.0942
45.8166
44.7462
45.108
44.2317
44.2593
44.4115
44.9661
44.3071
44.6944
44.9309
44.9831
44.8483
44.362
44.4945
45.7296
44.4472
44.8251
44.9278
45.1192
44.822
44.5159
43.9059
44.8158
44.4436
44.7935
45.0442
45.0085
45.0732
45.0723
47.2316
44.8506
44.3994
45.0581
44.897
44.9483
44.9193
45.8068
44.0768
45.3303
45.0054
45.1718
44.9947
44.9179
44.2705
46.0469
45.5667
44.3062
44.6663
45.2415
45.0625
44.9862
44.7421
44.2343
44.5431
44.4343
45.5105
45.2673
44.9938
46.2722
44.9005
43.8185
44.7716
44.5034
45.2379
45.1379
45.1803
44.7805
44.8907
44.2776
45.3057
44.7082
44.7756
46.2776
44.8582
45.9951
44.6578
44.2272
44.0402
44.0643
44.656
44.801
44.7328
44.7288
45.0639
44.25
44.1371
43.6596
45.0496
45.6935
45.2026
45.1228
