5000
-372545
339849
-105735
-141012
-72254
21270
354318
-400048
-177921
236508
-195982
-400965
294296
-409113
493612
-105267
-164719
-68143
-308608
32360
-108486
-399185
440328
257681
287501
-70534
31747
-409684
159063
156177
-12423
35808
89896
-135376
-402197
373857
485876
420577
-468147
-166189
-255166
-457052
-20956
51175
-225831
337823
-9967
95597
184080
-83731
428920
156263
7372
-244967
-287844
263137
401982
-86356
-33967
469925
157685
-377108
-389733
-93644
-346122
256069
-208157
-128494
164234
230048
86243
455349
371131
82317
96774
-136849
118144
307352
-117881
224465
432403
-332884
-28852
-155517
305928
-32900
-341129
-400850
325282
-143317
-365305
2673
-471958
473182
-279282
-479864
402601
-138615
83470
387234
-405723
24366
29998
428871
114543
329843
-431524
-351530
-378859
317158
348634
-75690
303228
-261179
-386132
-463223
414566
-229962
157960
274821
365348
-404205
-461534
304120
375770
-497882
472873
218976
113438
220753
-229844
-66695
-178046
-240423
55549
448579
-487685
-428299
-284328
457409
-239478
-287154
398827
-320348
-42254
-44237
334891
377401
-237365
221129
5297
236950
-213442
155553
246962
-494245
-142313
498266
-64527
441850
86616
-109960
118565
-456675
-346383
10317
-324947
-58753
269704
465820
-202337
39441
-211440
348128
56176
476114
-93172
-56084
-87487
-77870
-480337
-452688
-438682
16728
-410556
-270205
-39130
29194
212031
234251
-80498
77948
383960
-418723
-159006
-130789
-633
459197
-461157
-314065
-66809
-441309
-8876
387771
-407018
-235538
377606
27496
283729
452641
-18007
-356313
-88283
389409
399995
-402970
207381
56809
275457
-426461
-25975
-394987
-35170
-158372
92100
-451229
289393
146671
-65852
85957
331249
153491
106836
129015
-495527
-136036
326717
-75851
-469438
128975
192183
-378932
466982
77783
185762
454651
412905
466078
228107
20003
-431380
307628
-160585
310035
396367
-204191
454324
-209416
-256498
210196
-200500
-93345
-472940
199186
-178764
-222115
-31303
267519
196271
33464
189558
-346709
-415723
-367927
-255284
140176
44915
187867
357657
365326
141956
334367
-92885
484792
255682
-429131
-427259
-366705
-106862
265251
-14218
37695
-399093
-21105
377970
378005
230668
94207
22403
172978
323177
-94580
358676
-207976
-41086
163632
-379494
-363455
426802
413807
26752
-261535
53756
-319622
432972
-26023
371264
-452460
2407
218782
-91351
-378281
-148490
-203506
441288
32882
150263
-274813
419434
41273
-372927
218097
-420532
-284811
-344410
479890
-260340
-471039
290530
80915
-442955
-54168
493099
206071
-256474
187244
72298
-479729
461410
-464449
-21306
-23610
-341331
331482
-176224
109514
-376900
-423881
203025
281805
98610
170960
-362684
-324164
-366866
150794
-23223
476677
334221
332243
-215243
-71698
-85432
214366
-462751
96753
-74790
463300
13859
389633
-248129
-120483
-498736
155859
-254013
329806
139785
-347650
-275578
-183339
-413045
483353
70504
139066
225305
-148853
-39088
6314
484442
89275
-164543
-194297
-324082
81153
-359149
-94841
282824
110854
339288
-386474
-36987
-227401
-451600
-153384
119039
-405308
-385559
-441151
163580
-331064
-103671
32690
99752
-495549
45104
402708
-156095
-179827
221493
339330
-267582
-462146
118193
-186527
-490139
-375149
160396
-393167
-353561
375928
40333
-324281
-289763
334434
332387
106946
390450
238724
-379647
-293676
-497663
-412638
-176889
274433
71862
-30205
-374024
-396282
446811
-387713
-384420
-203395
210026
251941
-295383
405782
247619
-334066
-284297
-264126
203950
-103447
325139
-214726
-195056
-481163
-307285
213362
155571
-219341
43606
167687
363888
132396
196020
-429001
-16288
-366051
242996
-288902
130507
-411878
19482
313527
21649
23384
280418
457837
-496709
-60947
290533
404932
364510
145536
-52129
-216051
256913
-238912
29066
215424
403654
1675
176338
-127957
298689
-389309
8434
401066
356696
401186
-311729
81053
-405632
-410515
150415
143657
449428
-398595
-352507
453762
194794
-226886
474690
-166563
285345
-444584
-281957
35674
-483997
-123935
223851
-496305
-279317
-265643
-1411
-265189
353273
55555
-28997
-317014
202962
-260523
-99881
379862
151475
471736
-337297
-259696
-233199
-358932
-74276
-196085
-1680
351604
481185
-481864
93685
-437571
-204888
223041
151459
-426936
-360552
-327994
-22325
-448765
-243891
167637
-57488
-43101
288147
187856
340049
160249
-12831
-45409
-80051
151843
-297772
156038
-351852
-70077
306110
482783
-482768
-144567
-199092
-489567
-244730
-475901
70500
152336
248745
331293
440877
-419235
-365724
130039
47209
-73157
-407464
-72165
-111543
368405
-467744
-485264
-328075
493636
-390404
368983
269687
268307
111362
263619
215853
442700
220258
-268181
215891
464306
-117976
-323841
131102
-402226
111236
310194
223398
-161532
-469007
472085
329481
-151572
-99311
-279004
228532
-405846
-336011
-309198
-260425
-249911
-257204
-62568
-362676
-183495
-445552
-144582
-304624
41215
295024
301014
-469373
-24902
220790
-22756
-285423
-491853
343874
-108161
87753
330147
56963
-356201
99610
349496
-51496
-245680
95617
-327706
470048
-258686
-150137
352020
113596
-358369
-328435
80890
-236060
-80030
-4526
-304071
108896
-95247
-217434
-85831
-252430
167278
164846
488051
-374590
231649
39158
-471178
54734
134994
22899
-445887
-343149
337842
192588
-90156
204167
-48479
103140
-47072
-271346
330308
-467764
488332
52435
-352831
475808
-359922
-338347
395840
140800
-391116
-202147
219389
-64146
-296148
309093
-391401
234796
-131730
296122
-56864
-354805
-210903
331557
95548
433842
307688
-45002
241462
-372872
111725
25245
-230451
169652
-75307
-33023
-205234
-46741
-152651
474151
-460243
65286
465793
60059
-64197
-46758
74467
427810
211466
432021
330453
68064
-180439
-424768
354640
368016
-217582
366023
340756
-490380
4746
424629
-396221
35855
381353
-108401
91156
219161
-289111
-179865
70572
-480540
-218541
136050
-106792
-216161
493504
-280187
-305301
-401171
-66563
-191445
345159
-470507
-266183
113863
-204831
-105486
-376008
-325115
282765
466551
-400902
-242522
39516
-114978
447555
-281384
-262715
1403
-444679
-88301
140365
95496
171507
267590
-401143
-14089
-273111
391971
-22149
27814
-339690
11259
199393
-94806
-194157
-477838
-382128
68028
-363026
463980
295977
-51734
253553
211210
441658
-476741
-447482
-63516
254420
60226
475892
-343009
-56106
-96388
-94210
489588
-101700
-280013
472563
-462523
-483520
-472306
-214709
-453018
335587
-102287
298060
184115
430334
-497574
-297837
473982
151826
-265279
60845
-348728
487773
-103048
111370
144399
-447089
225848
280053
194840
316871
-114919
134004
358866
-295348
-463288
55175
456005
269985
-355038
-149712
379389
165856
-77415
252053
-390771
73114
-138521
-134265
-48506
-144236
-438450
-38752
-53766
162331
30372
-21124
356237
-412210
328753
26765
53975
340449
157603
476855
-150218
-332748
-412008
-372702
-235267
-135369
-233319
-411361
-52881
-227195
150012
-185111
-28833
-195023
-243752
-441915
399928
-415323
-176055
313510
-370348
381416
-301557
112622
446095
-277026
-160503
-361925
459179
-165714
-460371
287228
387728
484531
-207307
-102158
-456236
195346
-444954
-425546
309091
322026
18528
-68232
-136463
107428
-27403
-307002
-482367
492671
-216942
233268
-346510
321316
-56126
264873
-406613
-322702
-458056
74863
82260
-397226
-466886
-465054
-109271
363933
405115
311521
462661
-243807
286710
-188861
423057
-336461
-437240
-179853
-26424
350008
-473356
186449
181401
-260103
264320
-5156
-95234
-247833
-449686
36152
460290
-152833
-326556
-221798
-414337
-117021
-432593
312494
343197
377728
337883
-349344
296331
-447289
381790
353622
-439740
197883
211421
-15193
23540
-142324
300101
495824
116023
464135
-350404
-162265
-177739
70771
-451319
432749
-406804
-255196
-405125
423396
-459503
-128613
32672
340499
-430064
-343006
-480724
138867
-259834
-239900
-56129
330917
214600
-197184
86925
373052
-25674
-488880
320398
-439990
-331823
371393
133832
-331499
363163
-271250
-189349
-96887
-465469
-122488
90344
-84388
181549
-465968
442158
-290659
-54325
-252767
139328
-498389
-177199
221764
-499764
425405
-30921
384721
234041
213815
-450373
88694
44231
270012
98934
463923
-332673
-333826
2699
313722
277905
477418
-210791
-79154
241260
-444746
-451186
-160892
-56472
430801
194835
422933
52975
-82488
-377663
111172
66284
-256203
266666
-359857
-76838
484483
-218461
-260944
169316
-180207
-11500
62307
-177805
-494592
-463268
471448
52569
73077
-128390
51397
116100
-439392
-145742
177261
-396585
468308
31777
-127936
391130
52904
214994
-373055
97565
-303560
-76061
406434
415676
-294393
-45863
-65756
-26257
351142
28134
-117530
-435841
280756
340198
-56243
263263
464744
-357507
318491
-141629
487052
152875
-469949
-8741
-422701
76094
464787
-124307
321518
431652
-178517
-160438
492766
135715
-364533
450601
478268
278126
353945
-260238
-59215
34754
417112
116721
-401106
-403331
-6046
124532
-320360
46472
-137171
-165261
402390
-207139
-380828
367416
466790
262502
-352823
166223
414050
-472338
379465
134225
-76344
-75521
-49838
319210
-1559
-486066
-247731
-484962
-359327
-199902
72937
-438627
397195
318195
449704
44928
46094
13597
-124642
-353417
438282
128695
30936
-151967
279179
409408
48059
168846
-177687
347198
-456345
297454
302741
-77786
-292967
127512
-75100
-127922
3864
-364570
-392746
3657
53913
-257363
33663
113689
-273053
-98026
178386
249134
207405
226137
34824
-39115
395568
-13144
-94635
386739
-416704
-209190
-52612
-82017
35532
485688
397600
478247
396303
-41337
-169582
167764
282209
-50986
-370095
404828
-330216
-157024
-156838
412376
-105051
67252
177574
70469
-110308
-27771
-81716
142256
-54825
-210603
38846
-59017
-96151
-294708
-254404
-413988
456946
-472926
-220130
307441
-114708
-200297
48983
224295
238825
343299
-61941
485579
342814
182602
-173377
337728
-182132
-46032
191603
494853
-72479
-271096
156938
-215122
351717
-494200
450344
-488199
-422907
-373664
204186
288057
295409
-206440
-147366
272871
-160528
104127
233487
-103892
-371393
179986
161975
404177
-50292
361574
237872
-167277
-113307
-351006
388365
-133125
351096
-334611
-215997
-479526
-315888
250727
200730
270883
-457300
-489363
-385660
-400759
306809
185133
-314378
141020
-299851
261702
-366167
-475274
7652
-472795
48949
-199454
313087
-219258
409539
205531
214479
228072
329254
141841
141545
396636
-46932
-409520
-370947
-419831
-124630
244139
318232
21675
-67445
-497419
274592
-119688
-114482
-249969
477504
-296597
101174
-373494
428161
-343312
281656
-308514
271824
-311265
-97623
24447
295050
467635
-460167
345866
-302984
-119578
-121091
-233970
-281439
402233
-442531
-321792
-59928
280930
108519
-152221
79781
-251875
-46519
-353930
-53633
-92338
479212
-106194
-237620
49340
-243587
91390
70545
80994
92356
26085
-199116
-135558
55636
460725
141731
423594
-65971
205987
-36691
-48759
101643
177980
435033
467903
-50423
67833
-479386
338094
186245
-159733
-30601
-30944
-155131
-155409
-345434
32558
-125469
126779
236116
-499089
335958
397541
168820
-311652
1702
107002
-392927
-95091
-317027
-12306
428518
98253
-259693
423243
-330825
469701
72262
-99487
416922
-485979
28734
-425051
-468535
263711
-187042
395129
344967
-334958
-84502
299642
322048
486032
427819
167141
-483643
140837
-155622
-344452
157252
311713
-241023
-133087
-329934
364370
-219926
-307556
425879
-420084
-417705
480341
338623
-187089
-479189
305131
-213283
399712
-53989
382388
469707
179634
196482
-426940
331631
-42384
449093
-68099
-53715
-293290
-274414
468453
304133
425571
-163822
-357735
-247715
-461641
219282
-166505
-202599
-25563
149349
-249429
51961
31398
-217562
-389227
-269705
156362
470702
-427731
282501
-161177
-165245
8082
-322036
-442893
-106948
138218
-268654
-452212
177327
205318
381962
258025
404189
179869
117760
-332918
234012
-321953
-304499
-129923
480
159155
-115499
-498846
493057
301838
462932
285559
-487976
-195004
294339
71057
-397653
-380840
63837
216015
-387349
166863
-31149
268417
364905
-168215
-389448
334671
-339889
1035
-121297
335398
-82590
-85386
221002
52847
-113840
276766
-229474
43967
-366920
-306928
436320
132729
-1741
-482670
-453500
-386393
-461776
232237
46991
446531
-327337
-176386
425580
-224876
241549
-286172
493538
367020
427296
-261963
315627
231143
-6715
61786
213426
94694
179998
-456896
446683
-421258
-437939
-488587
366966
-341524
312080
273894
-392268
-435620
-310393
-178844
-360812
110340
-131454
-17444
-394917
313054
367557
437538
-397480
272128
-332087
-444195
484662
39438
-276039
215648
166401
-492369
-145275
131000
-430950
183994
272826
489616
369882
64759
-471350
34328
-476977
-173434
-369984
143609
-316168
289984
-44027
403591
119765
185821
29880
-137347
175054
-233727
-165943
369282
-5294
130096
-75713
22870
288184
491362
365428
262018
-406555
-164629
-416833
311186
202995
-477631
-250032
-62144
311978
-35401
217395
169185
-247723
-171538
88262
458301
-196054
200975
102587
170809
-292713
-241651
-301135
43261
-363799
-136359
-346895
-122185
348951
-36692
140488
411651
-425159
66823
266938
308815
-13572
23064
254068
425519
275497
-250705
-462087
205892
420266
22127
188720
-292630
472278
236615
-362694
-372323
290275
-27035
332100
220200
-250565
110955
-333550
496669
-404648
-313573
327930
-449286
442102
-227896
-424252
171539
177911
-103021
-347506
1499
111705
-425486
-252377
-28873
-359692
316696
-12137
189692
403746
-176203
-59386
-411437
142959
366750
470592
147104
-4326
-334549
-253041
-256227
-245616
-387817
-166604
-223184
399412
470240
83025
-62193
-220022
-69960
477905
64806
-317348
207367
-66712
356833
79437
98740
221576
-361012
-76266
369246
67858
196776
232654
452772
-190035
-498167
-419823
418657
46280
-9418
-108891
-420213
433946
264721
280491
-174877
-87527
315258
-385682
-474971
-133816
201823
152815
-316674
480534
445814
81055
447414
-465892
-439121
76744
457004
-50636
-331263
-384499
184501
99706
243785
18952
-54175
300784
463968
455984
-428648
-331285
-99642
196506
253139
29887
-54506
327299
178173
222790
-480686
-362161
100557
186793
478131
-264074
-380342
-236436
467226
213856
325932
-163852
-406637
103186
-376859
-203155
307977
-33382
182278
-367566
-19482
358070
494896
-134867
-304481
-176489
-468360
306580
-345959
14953
197376
-338023
103735
-253692
-282489
71729
145773
327258
-425757
46113
341775
-460750
-251214
226389
-90018
-247955
308588
-365040
349212
214313
483727
-18697
383407
-301965
-66019
-378485
205106
272777
-21772
267527
178516
-226876
394449
61589
-223428
204245
3769
395838
-233330
-348907
496775
48261
105366
93001
327927
-391867
-294129
-281490
-74412
88799
-480084
318940
338361
-49478
427717
268002
94685
415221
409352
-247189
-251675
424843
426881
-380870
-12532
-236775
244553
-203073
492563
-467662
448857
-470620
441388
-173895
308600
428341
-49301
-406581
172175
-96460
27892
350661
-282398
-184445
428663
-377538
-468143
-240558
85594
-490057
55546
230361
-196242
129723
-245754
46778
-3974
449126
131569
365027
362600
255212
357281
59958
-138147
127229
53922
47960
-256213
-439725
494270
498252
-61040
-329364
140369
-482707
300573
479081
-240620
155141
218899
-18554
310530
33411
63815
184466
-30032
-261426
256054
403461
378536
-413697
-78868
204117
-177273
-9499
-336300
188066
488365
495342
483384
420303
-323882
-282285
127611
-472346
-345280
-342295
185521
126573
-421181
-26942
18988
95616
-275194
-140906
-365297
31716
-150667
-41482
45344
-234209
-84353
-452144
-285514
467228
-184010
-147348
460184
468271
-244463
340405
453956
-344892
-348896
-404929
383632
-383143
167178
149371
216002
413418
64958
210525
132133
-9064
-359906
191626
-429142
-41339
445205
-241764
475113
157820
57848
213208
-38672
-199221
-380841
79035
452846
-198396
-205580
-270963
-428932
-416052
6324
-228782
-166742
489348
64196
-437122
275415
187686
319562
271785
68277
-169799
-222817
-349986
-388604
-378756
-193998
246409
16875
-398560
133634
495059
437433
-180707
121300
276371
-337755
-407020
173868
-68890
48638
-480479
-499534
-120743
366733
296545
9599
-490903
439421
104113
279604
446125
-75910
-201145
109547
83645
153215
-178464
-480295
420923
-104256
-187522
-414377
-230266
399795
271207
28048
484292
312990
355875
195927
-313967
-42792
262670
-340822
100830
401151
-268018
-375181
47681
306349
-22783
-241032
253435
144189
18747
-456028
121470
25794
427743
-59655
315023
370711
143060
-437521
-311819
-320582
359025
-399344
-136485
-156791
-294759
-393935
-131352
-179882
-382235
468900
-61220
-73330
-213320
-434589
261629
498387
303351
-7653
223310
172620
111374
330291
477912
68004
285086
-414252
-274638
-370418
365501
-130650
-473422
65932
-76063
-129303
-464358
-220908
166728
97295
-361505
-141396
-51797
233479
-162378
-177757
-8675
376585
441199
-72423
-110431
357001
306891
165238
115639
497094
50366
-325236
320963
480546
-185366
-11396
28624
-349031
287543
76029
423985
-203916
-62201
-414118
304642
-368356
272954
-426373
-326142
305963
-129951
94487
-114910
213238
259307
461265
-214274
-452277
-173982
-54743
185673
159916
-389258
58827
231488
344504
-204493
209922
-453875
-333953
208449
-402482
-453003
-329742
61281
-362895
415731
92836
-186334
-30993
173397
-208679
182476
-126803
-231998
420204
11184
391003
266630
-272725
246733
146661
485006
398294
360409
364357
210866
-6255
276084
75156
-395364
394606
5504
-112282
227238
209424
-458036
-426793
-63133
-373503
386898
-68445
478225
-455280
-347034
148161
88706
187597
435040
132037
303658
392136
-450148
291019
-140043
-296266
14371
281522
-444310
-55788
-384163
-129184
-221408
430390
212674
277981
-125252
461389
-284094
-37940
-337406
-440991
433408
-291233
-156713
-175940
52270
-142592
423920
288558
-36250
237865
10521
227595
-263923
63859
-72658
494911
-487933
-471998
268263
467717
-72540
-242264
292554
-399838
-216453
348263
126381
-354661
-285993
497403
-480866
364716
140623
175999
386871
-294982
266155
414023
416664
-415895
432525
126337
-326833
189257
407731
129993
241677
-224529
150504
490138
-148918
62917
-498058
286696
377481
244608
-400816
-192758
412714
370224
-457572
-192532
200053
15534
-110664
-348467
62157
100409
369784
364878
-449938
-248659
70343
-490910
-302860
131858
86996
12997
268427
345572
185412
-217468
195600
-263995
4819
-471530
37630
131650
-45317
49445
175747
-327428
155652
346743
373380
-201054
422349
270838
390376
349578
-410231
479591
-352325
361355
-193716
241398
-85185
97727
-55135
-139331
-489603
-340464
-468276
393385
-222842
-439083
491910
-90356
170490
181852
306489
-238543
-253863
-373635
-126120
388770
-124293
436794
187238
108019
44667
80265
-111531
-296761
-67493
-57953
-175437
-25124
369374
-402406
291657
-52046
-130621
-308562
362238
-111291
236756
-303769
242699
379792
492521
340308
363600
-147377
454317
-123273
-428653
-66536
475228
292395
314346
-202315
-314645
177336
178145
299195
-10553
-256691
-212924
-315182
425206
197143
465464
314207
-324926
433367
-223406
199673
-35381
-382285
82527
195601
-474841
403513
-428736
-241495
426166
-75687
-211505
-434020
-111481
63931
231356
-220213
77851
-378825
120413
382532
-279169
128929
-480125
44306
-227820
23006
8173
239571
-213816
77514
65064
317027
-351187
-402988
359491
61684
-353353
283777
-442348
-372796
-217307
169941
15823
493922
245660
-407811
53109
67137
-426382
431925
419022
115257
-5879
-378133
-298797
128092
287836
-150719
378756
-87870
98013
204634
-286275
57640
-434532
112233
-171720
278283
263043
-9722
-425694
-134909
69602
-198994
32490
410184
-212273
77912
-212743
-288632
-381316
-189496
155892
142585
268085
-163004
167010
-151117
186299
-391691
380638
-225731
364502
-133598
318471
493235
454172
310508
327836
367672
340700
-192892
301219
156136
-101081
-198821
274629
217256
213292
55631
-437393
355161
281539
125049
-75161
-329783
252308
-127804
-15455
-458391
-50173
19735
-113194
349658
448722
-166724
-406544
-121160
285600
308161
220560
422945
231395
419411
351071
405669
180864
-207495
-213617
316304
136378
5620
284678
50473
358150
-124063
56195
-128951
245500
-57250
-162484
-448304
-422410
-76173
-234184
-482288
-125459
106700
-310325
422209
354654
170955
26477
137036
-72256
-300679
130094
358862
-309902
-205839
394435
320431
-119387
-66287
-293791
-351437
-407029
248236
399187
286896
201176
-450985
210998
365390
476822
-69121
276727
112431
402776
467867
412886
6794
146469
449808
-462870
289090
348066
361166
-111160
333499
-286882
213666
446136
-76677
-452728
185294
-200989
149958
-458153
88029
178968
-164377
-487020
217416
-165206
-241273
-243457
344636
-165698
445622
-147443
-182492
-257270
-139856
-270334
-462199
397434
479818
-127920
325470
-173240
-253179
-74047
131501
-472697
-444271
335289
-84012
-486972
487236
-139446
-244520
499798
-273552
-471666
-322600
381125
142333
-63327
111077
-12316
201478
331176
84041
-386744
477488
453782
82566
473464
-273666
440373
-66306
355490
183081
-286727
463996
33560
-148410
-208085
400483
128543
434143
120456
-79088
112736
486712
-241294
-135077
-251316
175940
-17013
-466720
-321165
490677
192016
-8221
464194
-36719
-162211
260180
105763
217363
63686
-172938
372565
-214431
271572
460994
75546
213371
19929
182836
285823
399034
364208
124942
266941
459050
162149
-8487
-65253
94204
-68855
-427443
-384235
144018
353810
-212575
83394
103836
-423563
201046
-114841
119241
-1947
-19644
437739
40974
-309352
377220
-393691
-315841
325508
75022
317644
61664
-428609
193482
257896
48567
79799
241869
-473631
-398831
-304435
309271
383771
273934
385634
-489503
463761
-252322
317112
168139
-147667
-211354
-37691
-258563
-220608
5729
140754
-411406
180846
419065
147620
261836
-481390
-413310
373077
59232
317189
-492374
418925
-326512
-359423
238883
-109249
147055
-306753
-377997
37685
-235178
356953
-269388
-421126
-257377
446690
68876
212144
-396603
-341958
227914
422369
326402
105622
-360244
-151864
329655
-456900
-6922
-431329
-45546
417118
-59745
9657
417584
-300956
81228
393075
142630
-51701
128056
271583
-390819
-214978
-441764
-362980
-336438
443070
408684
299051
495475
-475421
334769
-363079
434699
94510
-454747
390055
-35378
-285414
290847
-93253
309645
-481407
-149939
186980
-230695
434277
160851
-65352
-93597
441380
265450
3129
419033
91506
-438383
-148658
-240702
-104940
342604
158281
-393575
-286124
234071
21280
101512
107170
106233
159678
-10392
-62454
-373883
-289647
-34239
372192
36172
-418775
-420294
194761
79893
94921
-418105
101195
-45799
239438
-462152
131562
356973
298259
99765
-266719
84559
-40894
-346022
234549
404033
-74397
186959
431296
-301587
136766
104208
-347687
243133
368571
346030
388576
-173492
-18326
-355813
-468552
394560
-172614
140005
-420090
312472
-359972
324206
-428704
-120985
-37869
424846
204490
-202822
442544
-399035
401220
81570
-237509
-425237
-60625
-137360
-417122
-276085
-391827
-190614
482478
412666
317523
-129284
-55022
77419
6608
-201089
-457919
190467
122058
-418751
229641
-448509
-42903
-346379
-160609
8388
395221
-316898
186277
331048
92191
190570
-85886
24971
-292020
470269
71277
103414
-181144
-232051
-330749
-31335
-403721
-475575
-463143
-279494
298079
-397488
319913
-419357
-328027
70565
-25603
-30062
-20258
-100678
-375211
54283
371543
-71869
-423745
-110513
-287766
114841
485046
-74349
221037
403759
-295665
457530
-367434
-411221
-260164
-280415
-333579
312204
-170932
-134032
110999
464617
138941
-361011
471967
450230
-52947
-262795
-1083
486387
-392668
158795
-90992
277336
-119075
-345097
-145420
491877
283156
-226175
-239525
19142
437858
151139
266147
-5345
454741
-498087
131880
313896
-271351
38845
-388496
-246031
490996
124563
275064
-491950
-292684
-64591
-278293
-361480
456334
-85814
-324050
85842
150014
-354525
-422629
164208
-430607
411630
-270468
352963
-392539
-41446
125897
129417
423802
-354615
-408316
116395
460016
-357003
461949
33321
202471
314275
-188146
-108504
-283300
-445258
87681
-130409
182715
-487739
71701
-426666
45196
137411
278294
338702
-261169
-443042
221745
-166785
-455329
-376783
-254182
192065
-125583
179992
-10185
-457125
-191253
439762
44999
-477624
-412447
-279757
177727
-440317
321211
-205535
315937
114391
101166
8389
218860
17097
65739
334795
44953
178642
99537
-84150
-345112
212813
367983
-445235
-408136
479928
16629
197122
346821
-102532
-26026
-73659
-327310
184349
159670
-308375
12781
441897
20428
108451
256347
113856
55392
473974
497313
-258387
-104818
296354
494951
238335
-210461
356530
89407
-184273
145301
-323775
-95097
-329262
-341904
-272641
256218
50597
267596
74613
-25491
29648
367695
392845
-211650
44900
160493
139956
37521
-361455
401238
-415906
52056
352004
-44035
216248
-479739
321664
-154353
-394365
88886
96718
357985
-378833
246572
-443520
338607
100593
-204157
-42877
-445772
189268
197307
25867
318059
335952
-286510
399836
221558
210603
217117
-274587
60987
-226588
-272838
-165768
437225
-414730
-470764
377229
399540
111044
-420149
308280
35472
275819
374289
-366315
-105191
163805
-30299
453747
47639
165243
39127
-484620
215869
371197
243774
-136090
-406914
-499724
-446879
-51356
380435
-437004
-5461
94160
-263592
-168832
-466625
-353513
-403445
235706
77458
337089
-201665
243815
-167309
415925
-399628
207090
345875
105163
400146
-244720
376478
-149434
154635
134521
275336
341652
453260
-280162
-105609
-458182
-63441
-248324
268044
-11320
134370
-172212
-452720
8279
422377
239313
-381788
-25077
-350048
102227
-484203
-487835
467520
-125102
376415
-247114
-183870
267072
127475
126138
361684
363730
-204080
-81763
-489744
-221809
478648
268558
396572
-257987
330884
-260783
372953
489625
199682
391331
416370
495269
-493660
200282
203557
331370
-347480
174977
397744
79129
-376359
454409
169584
-354882
-30818
-167109
-186411
128191
-244583
217668
-163668
-499348
315889
363347
392344
80803
-139570
422903
-116503
-77659
311644
-347254
-404677
-161082
329584
-385900
187559
-105072
357840
172829
-428029
-386578
235543
-236614
-132679
-133038
365654
-60305
322003
-418813
168642
273189
261590
-69895
-196308
174870
-108236
-142526
-190414
189089
66043
468259
-204529
399461
-470042
-243260
263477
-436476
-154312
-251263
468875
402259
408803
264090
-228750
-123073
345874
-217746
495432
-55539
206407
18040
-161445
494929
-407268
175537
174395
152254
151923
-153983
-211391
357262
-334444
-281363
284237
-28673
-245419
-129970
-496784
-84683
494235
21936
-340438
281039
213158
-380529
-208993
-455342
292985
-107905
-472035
325410
328073
242011
269987
-274775
-452452
368466
104953
-470117
380282
261301
487488
372077
-239466
-213769
-32256
-458344
276360
-174593
-474291
-489978
443654
19414
-217172
335769
-76399
182813
-281368
-161114
354278
-347150
-269025
-127762
-64207
482314
434684
357603
135321
367999
-213047
126754
485426
60966
-194402
492837
-262042
432098
294106
-130961
-297595
58395
398820
139555
-460510
-474247
304621
-163475
314058
10803
-192463
-227737
312927
-114359
-34077
-349795
-29432
287875
-186057
152343
-136195
328135
180298
23737
195974
-494576
14472
59392
-55955
29252
108167
-15160
-132686
125461
-483052
375042
-227694
184588
140824
120568
-16050
-495181
-81383
-57121
-149472
14872
-110684
142128
-340534
209526
-459049
301338
-233462
202584
484627
271017
-80744
-114651
-240331
498871
325180
285113
220585
-461128
157687
250145
258867
274047
109063
409535
-411097
485450
489863
-452200
417851
-212029
-317196
-332531
-306746
-327617
-223403
-379290
-77760
214878
-206840
-425342
-286604
498047
108349
109948
7769
208979
19401
484053
-358153
54896
483296
-65172
-328090
245484
-202018
252250
462719
249605
36630
479275
-74344
205108
271616
61531
307415
-405902
-103228
-374978
-260075
-58956
348394
-136959
-397492
-492504
212334
493764
330146
-240337
-100722
234719
-472915
-4742
-23418
323764
-46654
-310244
-405984
298567
-324003
-449109
-167553
-267756
290420
-160552
-240948
209549
-60221
142698
319216
150536
-448444
-229300
76395
-353158
265258
380599
-267612
259897
-136204
-434817
-121310
-385231
212613
-65794
86045
-7051
-222956
196174
-234138
38678
327429
445943
26502
-139702
-119297
-215597
165613
-143051
-352567
-193045
340409
268465
-321816
-46571
-315077
-112777
417888
-456451
143058
118210
-161444
215685
-141514
175950
488197
468504
426829
-462332
-90634
99043
94979
-105517
-444817
-67305
452263
278222
-163762
-460599
347267
230506
22245
-480154
-191458
-229618
132366
-212300
109924
194828
481277
479156
308202
408262
-261501
299324
367374
-464642
322054
117038
80798
-64366
-253065
-304899
475933
-103208
-285991
-156374
-393209
331544
-364855
483190
93731
413156
-452135
466916
-33670
-435480
-138674
-277603
-376315
-406323
474723
189886
-74226
-442687
-61130
-20337
390380
-100450
458367
128988
123569
34788
462085
-58184
109762
92818
-96276
393217
-162748
216788
-394128
223855
283442
452
158102
-121961
-370731
-111252
189044
163201
-103033
188026
-499167
392039
379632
474220
2071
62442
457836
-252561
-75317
431331
317127
-8908
-119752
-43244
474626
445547
88961
498228
-51639
90910
-50638
9497
335768
-284949
-343113
69184
320755
-8145
-34167
-24811
-373082
-418573
-154745
-168808
488363
-298338
-312644
294744
106639
278407
-242010
-5722
412665
19598
-57340
-87321
-425380
-496435
39670
-320741
441379
20287
199302
76347
337472
21786
-143101
-398535
232689
-456582
426921
393128
285902
-204431
-246993
318726
-78293
143168
-46457
-357693
177167
494071
85503
296973
451990
54202
446430
461765
95159
82569
361204
-15622
454728
23107
201433
-375971
-409047
-310925
-309461
359190
409471
-216346
-407634
-371156
252128
-312972
-74608
-466600
-479011
187335
-390841
57087
-179007
-254996
189670
-473142
-202442
-83191
-160170
-215829
-320621
495085
98077
-39538
137360
175059
-272322
-313251
-132966
-297778
15947
-173109
-413752
-310871
458598
430445
-351296
366362
252872
109646
-75868
-48587
-92671
380099
-118873
98418
472603
-195810
-315767
-297132
30377
212792
-133744
-5220
251455
174633
-407074
-218359
396681
-206444
497411
275647
396767
-232575
-157711
-21891
-390735
-367445
-359041
-149761
-257065
183285
-335347
130257
-241104
-186901
-41750
-316999
-391592
44264
123380
-24239
-32442
-35592
-148025
-494979
3683
-254328
182397
-480749
96492
-35431
-69738
310153
352099
-224227
196236
-96847
341192
177891
257379
89018
13020
-30171
-84693
-160614
126722
-178461
429360
477381
233947
-87563
-366696
-65617
462030
101037
-167339
41085
-287586
-223578
164240
269045
24733
-255620
-479264
-275065
3076
166847
-323373
190957
113812
-311333
14188
-231187
432432
376654
-53673
295970
-362068
-59698
43469
-232424
434752
-337917
-278886
247264
88079
256225
-110394
-231817
-240140
358704
-201949
-347335
461931
-193087
-2723
-365977
200708
481634
-289154
-212795
-449658
239636
-470608
251479
-46447
118551
49
-48029
-440708
-473969
313007
80665
450922
498506
-218373
-204632
263718
236955
292178
76428
-14329
-369505
191002
4496
-283598
-455227
345260
-335024
81048
410645
-454826
-162648
268764
-211846
258291
-152376
5615
6579
-15752
232578
-57308
270860
-88965
343556
231064
54878
-457171
-315630
-360294
372909
-436574
-407300
-321649
-330937
-5250
195638
67176
32747
-472462
156041
241015
497616
-334741
-112974
-194560
-130509
-351343
489424
-479993
203634
-352818
291394
335914
138005
-328323
-204373
302877
-33782
235004
73677
-236277
468820
-391777
-420072
373719
-209561
-257430
-486050
64712
-384348
-112711
-31061
-142465
119022
116209
370320
94573
-218862
-301668
253849
-75858
-132638
-413447
-437857
-338936
374988
359765
413272
48180
-451598
-403020
370888
-486973
471860
31814
463493
-41576
-6581
-335115
-261536
26638
-383534
-462518
-126201
58289
73385
225745
292198
-76633
-468727
-188484
-93624
304696
-397142
-416191
-159611
437381
5917
-438066
445464
65874
478776
-29714
-382986
395933
-256731
-460655
-22447
48329
294244
414951
-43724
-341925
241366
-394967
-161689
158642
-280090
-160948
290808
15946
348338
-494106
-167201
-182663
-329404
-51868
-326145
439764
455458
-394758
113571
-433453
-276788
389101
417622
100233
166291
479523
102580
-456742
-443162
478693
425600
-399154
165910
340336
85813
163044
398946
304834
79374
-50247
97352
446884
-250158
122170
-172450
121813
-29792
459278
419048
-147894
221740
410402
-198810
155599
97784
176823
-302492
203044
-402355
-354790
-77492
135466
328960
479786
-118604
-233465
190238
486893
-60392
-94072
277229
-40234
433807
-491983
-215082
-432298
-45022
444053
-479350
155598
139023
410430
-143127
43847
172588
365894
-351600
170723
-365252
-177543
141056
222009
351102
305816
-353995
108384
402060
-56916
-399656
-285114
493567
-221442
244928
-291930
472107
449458
-479551
262565
249168
320579
84637
-56311
-349088
188703
107785
-23281
-231781
-138665
-216184
182303
-428711
-415292
-331005
440204
96914
-453354
21848
235512
-440182
408589
377440
-128420
-22441
327039
-118769
-256383
16385
340174
-219050
-224677
283182
495314
21189
25598
-32358
-178416
144869
-118228
277349
445846
467157
189062
31373
182831
-125527
386049
243372
407270
-197213
-238595
435774
28028
299791
10112
198694
205718
151192
-33104
427483
-423622
142315
-101002
-401264
-228136
348137
-159639
336267
276728
-248360
28634
-262598
147036
232111
-96324
368635
-153596
74811
-187194
-162407
414098
260586
398401
-334452
4912
-51902
372003
133184
-301365
-350019
469856
-460593
-138287
438717
126862
437709
-162360
-65460
31254
-394416
266682
-455096
-39947
-48199
78258
-187820
-158387
-381670
329393
-431122
-360372
474631
80180
-496982
-219354
482503
-435332
371080
479855
475191
476841
-28972
-30692
357820
-147215
-451787
-322885
489141
256535
316576
320903
-114250
-92716
-452030
-412633
-18522
306569
-108984
-444989
-429251
404425
126530
493941
-161941
128633
249543
-186067
55445
115497
23018
-105398
316618
193779
97213
135032
451970
-254101
450818
-240699
396407
-447645
-274840
-198045
-147933
-431226
-96966
476735
-220911
-75575
-367379
-17705
437129
304599
34101
255631
-332439
-377644
-195868
200951
140366
246908
-46178
-429917
480508
336148
-197224
-177479
153593
420584
147811
-227370
429416
-220195
12210
-404478
-123392
434522
33858
-435402
-72586
-68047
144444
317125
350996
309229
-446943
172853
47323
-378578
-228872
72504
-416222
468067
499507
-68879
-216117
-370410
-275887
-274346
-283578
-242965
93807
-18147
426914
-250519
288877
346169
-122845
433761
-469322
79837
-401570
-387673
-75457
314479
45916
-334384
-32505
463941
373836
-136583
-138049
138744
324721
-478611
-448718
-308933
-464350
-408817
367046
-367942
430195
-370847
-125292
-153742
121652
-429407
459927
427264
-328523
-117388
-427078
433317
309242
131184
393907
442715
-444425
407311
-445311
443801
-249937
-369372
-87101
-336311
453750
-407745
149992
-109076
498822
-151045
434921
-407316
460557
431379
79982
208396
-233098
364999
-472822
-114585
-138889
-388508
-12948
175815
-274625
127561
272451
-196549
69345
-187514
215363
28166
-411240
-495013
-480455
-440910
160631
-117338
-14284
116164
-394722
-494195
-212266
-15258
-8830
-208465
-443459
448122
367057
-46284
11108
238593
-493069
-249694
-107800
288668
151413
397658
152243
326591
12341
-407033
-460950
-63421
-272033
41555
-447925
-411438
-232148
-431592
-76544
-221036
-408728
-6668
69536
315660
247605
337931
-372467
405746
128890
16874
-311898
403517
-497915
44738
-84046
286673
-429374
352130
-493830
400406
496509
-361383
-160902
-30484
-292951
299136
153620
72438
-225656
49506
-54514
36958
322260
201464
-414658
453455
-409238
236320
56133
303603
-278636
240098
-428023
-159490
413916
411788
-44472
143840
-27324
-143162
334366
81642
201041
35592
373173
221223
-206858
18321
-190506
-68678
362679
54758
220160
298102
334028
125575
-216007
47070
-208817
-85765
115550
222756
-125374
-312529
-251939
378426
238065
-340911
-441032
484463
408409
-382413
33812
100963
417161
174699
-356780
62879
-470861
-442574
412164
-465454
132714
443898
94359
-342749
60648
-361495
119573
-99134
9558
-448177
-401152
417466
-102936
-312103
157149
-80562
228139
-32602
117424
-420900
202885
-385119
87575
193545
366665
186475
199932
37565
432452
-337870
-70069
-495025
-93771
91468
-86390
143244
-42024
316042
-140426
234138
-225277
-120562
143688
30669
443548
-361959
-5835
453095
461575
-105507
294414
-208378
474634
478104
496636
19509
344793
-276152
-390130
496523
331349
-28846
-243316
-59438
-86770
-473766
450132
304442
-18551
-155905
-164410
-491196
-128506
143925
-378474
445192
-352691
-155568
-251888
219070
-335911
-256570
44378
-305591
-199728
-94304
479415
112583
336194
-45610
271237
455644
45349
106671
-457710
-272415
115234
-495339
367987
25498
467002
-270225
-399521
119511
-333772
361548
-394687
-121752
-343652
-22241
169286
359730
95954
-241536
-321829
-145955
291258
-372915
161316
476687
-478257
-128621
-117735
233419
103765
432438
368544
-477933
63221
-49553
407604
-49291
388468
-303790
-31597
82
124031
-373867
173631
169265
483990
-103243
138207
-127170
133531
403088
-109613
133332
218314
-3815
-346222
-239877
-365737
148809
