13965
30695
26631
22474
29197
10450
27972
14682
19906
6075
4272
7139
26626
2738
23785
2332
26353
1366
9446
11947
3565
6308
25727
19611
16937
25868
2608
26635
17047
714
3610
5667
5900
17523
31306
29517
31391
1998
18494
6817
17746
2278
14245
12704
6388
27485
615
23590
21829
28163
4581
11418
5980
31911
6530
25704
18502
5166
14946
6321
32496
11490
5234
3905
14662
7948
26792
26561
12445
13764
12428
25901
19790
25608
20215
27529
32164
20492
15898
1488
29689
10449
24259
2094
4123
31225
19676
8814
30709
29146
23860
30390
9067
19921
10371
2162
24453
24792
18344
6030
3280
26715
9524
15336
7425
9032
2092
21765
5084
24422
15371
8707
3924
28903
31239
5582
6900
18496
30613
15255
21117
6712
15919
16258
6097
20031
12373
28575
24591
9986
24530
18716
23552
22844
6464
26041
32690
1231
18638
23931
11618
17427
7233
28837
1951
17774
1593
3556
11949
8997
1718
2250
27944
28017
23770
5245
6121
6870
1521
22193
9518
21168
11694
9939
16116
17935
29623
19847
21672
2756
10853
22613
28671
11452
29380
21919
20771
27021
23010
3287
5647
19023
23366
1775
28988
4013
27838
31504
13181
9275
30558
29582
11559
2315
25029
16156
10870
28795
4002
572
3884
31568
31351
31994
21883
19465
18333
22746
29733
25709
32649
4879
28642
359
19021
22253
7170
26899
21857
23713
20051
24345
18084
8224
2629
13114
24734
1117
26444
7720
15368
14015
13958
24731
14990
26322
11166
22689
5843
9789
3312
309
13750
1268
12014
4116
7380
15790
16066
9676
12877
1690
8245
17430
10700
23117
25295
32357
17089
19711
4671
6335
15345
16888
26110
2252
8241
5445
5168
3373
20590
3503
19403
20238
28401
10990
6650
16895
4065
9241
16068
13823
21258
10849
13545
20442
19164
17407
28940
23478
21687
21355
7191
11752
18022
7887
19676
1548
5353
27579
1272
10324
22647
794
29949
8480
20931
12645
19408
26319
21631
5910
5455
19925
15134
23904
27703
782
18399
8989
837
83
5895
13832
18844
12106
1645
27692
11879
11906
13884
12700
18367
27839
1781
7781
24783
3730
14515
10433
13110
21037
4019
18317
20396
25974
8723
6397
31209
25178
13018
24975
31683
25956
15929
30525
13206
29326
6929
27895
25064
7255
21940
4688
31309
8469
10224
7032
31625
29325
12874
1386
4853
23489
23175
2662
3876
14601
29553
15010
26053
30309
4567
3389
20683
18450
13014
32116
18124
20827
5975
2072
21159
11698
30937
7487
3690
4095
31601
23099
17779
27704
270
8136
469
24370
16898
22665
2301
18615
20158
950
2965
19416
24285
22543
3240
10628
4453
4884
17415
10586
585
18551
32748
1212
22834
17874
18910
2085
13694
24214
21204
24252
7049
13379
27293
15401
18220
20191
1663
22695
1924
6561
6943
29530
2037
6125
19872
20196
10862
26245
16399
23603
22254
23805
31999
1948
25671
25455
18032
23598
32290
20593
19446
28992
11331
25412
3095
22093
24334
11854
25844
28930
9546
1482
6188
404
28454
18111
17917
16727
633
2606
9132
20365
1102
6288
28967
24699
15264
12672
29162
25283
29026
31668
27935
3821
4547
12593
30985
5447
29359
23487
5538
24047
25497
13723
23171
3886
27256
621
15365
19975
21007
29817
11174
27920
28018
29209
6062
32129
13510
20331
3602
30347
8008
20551
1688
26347
24209
1652
6204
25790
24344
24603
7634
12183
12792
31355
3566
14543
17395
3295
2561
1564
1463
32717
26820
8805
26977
1153
16346
4309
22848
16538
12465
30255
3035
25106
31913
27745
22837
12147
9336
13403
30031
26696
5837
14881
13295
2514
12851
7967
14752
19453
7736
16062
15866
27282
16335
24884
17187
3758
19700
4256
26262
27763
17294
17494
12067
26877
18329
22135
31799
23704
11396
30662
31326
17712
11736
5558
16646
32009
6939
26312
32134
18864
31476
4371
20319
22321
27024
7972
14785
29578
13891
14089
20049
7776
1139
18345
29993
16625
29618
8279
30240
8778
4906
9894
10060
27577
9278
7806
25798
20870
28782
14447
13741
13278
13947
23110
17006
19472
29388
21982
66
14844
1809
569
13816
1479
1318
27343
15860
27092
8506
2342
10616
30960
3888
15523
10530
29901
20293
29856
24246
26802
11764
16575
31774
23664
31511
15229
21423
13208
15438
778
15790
3307
24228
13400
30483
13842
11120
7281
23948
1936
1146
5135
11461
15604
11103
14694
8423
7507
6199
31813
8799
2037
9076
12381
24288
14671
1805
6624
29611
23601
31453
10319
3342
15169
28742
21389
7978
9896
12569
20279
7162
25099
26042
2104
19089
11965
18047
8343
9123
17971
31834
23956
22343
22712
29880
15348
24571
25697
11432
7833
18153
30788
14144
19285
32105
14309
828
10752
28614
13041
9193
31176
13637
25903
8514
28873
355
29363
4952
31198
14943
29781
3319
1206
22776
26721
6534
7210
30072
7056
21039
14029
9713
7735
20032
30149
4551
6591
29393
17882
24174
6741
26024
5837
22901
8418
10073
7403
964
4414
6321
20705
25122
20641
28501
8658
14074
10330
23975
3495
2398
16579
29161
5031
7500
18548
28837
13639
16688
7095
11852
31043
5291
60
11293
9453
11411
18702
31816
8133
14395
30406
12628
13643
3060
10239
23742
10513
13523
28169
24803
20756
31157
23010
6687
10828
28033
21857
9015
7042
30381
7349
14580
23138
28676
27662
273
9937
18086
13722
14424
20609
14672
29619
3079
15042
7389
27479
8824
21147
18957
29400
5889
11033
6278
4308
27930
13287
2840
1896
16061
15903
4421
8097
10771
17248
513
18739
16972
8993
13238
25198
1998
19012
21899
15469
11155
30958
28134
12177
8652
6807
8751
21550
18379
25693
11224
13187
8479
11678
7834
1264
28673
14021
25601
19299
11503
21092
4138
26388
8598
9348
29644
28530
10997
27705
3957
26972
26304
2937
19478
11669
20482
16685
7362
4978
3847
18825
28083
13270
121
22681
1166
22624
14281
8989
13799
27363
208
27031
5128
30999
9399
14754
31470
8334
30228
22917
7573
30441
26709
4616
30838
16971
13922
19079
19789
5646
23678
11076
3103
10165
26990
14849
19836
28706
27358
9423
16898
27914
30976
12065
15138
5797
9590
29988
12583
23978
20850
31059
27251
17786
12060
12358
10252
28315
29236
32458
31576
9577
29688
24119
10533
18696
20040
6910
15852
7837
12808
24962
14167
25790
