100
1.57068
1.5805
1.54525
1.51446
1.48724
1.5863
1.52026
1.52026
1.49572
1.51624
1.50777
1.5158
1.53052
1.51312
1.53588
1.49304
1.54748
1.49706
1.53945
1.70098
1.53142
1.51937
1.54346
1.53097
1.52606
1.54391
1.54168
1.51624
1.55417
1.53811
1.5515
1.52071
1.54034
1.5332
1.50063
2.10927
1.51803
1.52651
1.53186
1.52472
1.53588
1.50732
1.53365
1.49393
1.53499
1.60192
1.52918
1.53008
1.52651
1.5747
1.539
1.68982
1.58273
1.54391
1.50286
1.5332
1.54123
1.5448
1.68313
1.53008
1.51267
1.53632
1.53588
1.50955
1.54882
1.6037
1.52874
1.52829
1.55908
1.55908
1.62601
1.52651
1.53543
1.54034
2.20342
1.52918
1.5448
2.18646
1.50375
2.08294
1.53811
1.54034
1.53454
1.51981
2.13693
1.62289
1.51
1.5622
1.55016
1.52963
1.59612
1.52606
1.54079
1.54123
1.52651
1.50598
1.55774
1.54926
1.54302
1.52517
