100
0.0182949
0.0174024
0.0187411
0.026773
0.0232033
0.0191873
0.0276654
0.0223108
0.0232033
0.0236495
0.0200797
0.0174024
0.0142789
0.0196335
0.0196335
0.0187411
0.0147251
0.022757
0.0196335
0.0191873
0.0178487
0.0142789
0.0142789
0.0187411
0.0142789
0.0191873
0.0142789
0.0142789
0.0191873
0.0147251
0.0147251
0.0191873
0.0138327
0.0187411
0.0147251
0.0151714
0.0196335
0.0147251
0.0174024
0.0147251
0.0142789
0.0191873
0.0142789
0.0147251
0.0147251
0.0147251
0.0182949
0.0142789
0.0133865
0.0138327
0.0138327
0.020526
0.0138327
0.0156176
0.0147251
0.0156176
0.0196335
0.0147251
0.0151714
0.0142789
0.0151714
0.020526
0.0147251
0.0147251
0.0151714
0.0142789
0.020526
0.0156176
0.0147251
0.0151714
0.0156176
0.0191873
0.0142789
0.0151714
0.0151714
0.0147251
0.0151714
0.0196335
0.0151714
0.0142789
0.0142789
0.0160638
0.0232033
0.0138327
0.0151714
0.0151714
0.0147251
0.0147251
0.0156176
0.0142789
0.0147251
0.0156176
0.0223108
0.0147251
0.0151714
0.0147251
0.0151714
0.0151714
0.0147251
0.0147251
