100
0.122263
0.12851
0.124494
0.173578
0.123156
0.124048
0.128064
0.11557
0.123156
0.120478
0.12271
0.122263
0.145467
0.113339
0.136542
0.112447
0.134757
0.112
0.137881
0.113339
0.135204
0.114678
0.144128
0.161977
0.136096
0.113339
0.136989
0.112447
0.140112
0.114678
0.137881
0.111108
0.111554
0.138327
0.110216
0.143236
0.110216
0.184287
0.113339
0.149483
0.117355
0.144128
0.113339
0.144128
0.116016
0.141451
0.112447
0.144574
0.114231
0.142789
0.112447
0.141897
0.114678
0.143236
0.113339
0.140112
0.112447
0.140558
0.112
0.140112
0.110216
0.136542
0.114231
0.138327
0.112447
0.199013
0.114678
0.141897
0.112447
0.140558
0.113785
0.13922
0.111108
0.138773
0.111554
0.139666
0.11557
0.114231
0.143682
0.111108
0.141004
0.112893
0.141451
0.112
0.141451
0.112
0.142789
0.113785
0.141897
0.112
0.157514
0.112
0.138327
0.112447
0.140558
0.114231
0.138773
0.11557
0.143236
0.112893
