100
3.42204
3.91867
3.40508
3.99587
3.54385
3.4256
3.44925
3.38054
3.49566
3.50503
3.32922
3.49075
3.49745
3.36983
3.42293
3.55055
3.46978
3.62194
3.9044
3.42784
3.48763
4.69554
3.42204
3.526
3.57509
3.43051
3.54564
3.45996
3.45282
3.50012
3.44301
3.48138
4.57327
3.46175
4.69197
3.47067
4.7473
3.38054
3.46219
3.59204
3.43274
3.46933
3.63577
3.55055
3.40909
4.97576
3.77767
3.52556
3.49745
3.42382
3.42471
3.47692
3.99096
3.44881
4.31491
3.48629
3.43096
3.4265
3.45104
3.53627
4.78344
3.45729
3.62328
3.82318
4.74908
3.9923
3.47826
3.40553
3.44301
3.51574
3.46175
3.39437
3.47558
3.50369
3.51797
3.49477
3.46309
3.50235
3.44836
3.49745
3.61525
3.468
3.46755
3.44167
3.43096
4.41844
3.4381
3.42516
3.48629
3.54698
3.44435
3.35153
3.48852
3.58624
3.41623
3.45372
3.49031
3.52288
3.37875
3.51128
