100
0.724656
0.695205
0.716178
0.69119
0.709484
0.720194
0.699221
0.721978
0.698329
0.715285
0.689405
0.729118
0.684496
0.698329
0.717516
0.688066
0.720194
0.69119
0.715285
0.69119
0.710823
0.692528
0.699668
0.701453
0.692974
0.705915
0.703237
0.722871
0.68762
0.763477
0.692082
0.700114
0.71707
0.690297
0.704576
0.685389
0.7077
0.679588
0.684943
0.715285
0.685389
0.711716
0.684943
0.734026
0.709038
0.730903
0.697883
0.693867
0.716624
0.690297
0.714839
0.692974
0.7135
0.69119
0.718409
0.693421
0.700114
0.742951
0.698329
0.727779
0.708592
0.719747
0.698775
0.718409
0.718855
0.730903
0.710823
0.697437
0.727779
0.689851
0.720194
0.686727
0.718409
0.693867
0.688512
0.716624
0.688958
0.719301
0.70056
0.711269
0.692082
0.712608
0.69119
0.963828
0.718409
0.689405
0.775078
0.689405
0.710823
0.699668
0.706807
0.70413
0.688066
0.716178
0.759014
0.712162
0.690297
0.717963
0.709931
0.702791
