100
2.97225
2.90621
3.07131
2.85132
2.86917
2.83169
2.82544
2.82857
2.8134
3.02267
3.161
2.92673
2.91424
3.32967
2.93298
3.1378
3.53582
2.81964
3.0423
2.88613
2.85757
3.468
2.85088
2.8183
2.88747
2.89728
2.85266
2.81295
2.85668
2.84731
2.95931
2.84552
2.85356
3.1958
3.5327
2.81027
3.05658
3.01776
2.88301
2.85757
2.87185
2.85936
2.86605
3.43765
3.59561
2.86248
2.98385
3.56572
3.71208
2.81116
2.93834
2.90666
2.84463
2.93834
2.8308
3.0896
2.98831
2.82812
2.80581
2.83526
2.97626
2.82232
2.81295
3.02356
2.87854
2.82767
2.85757
2.82455
2.84151
2.80893
3.08648
2.96199
2.96913
2.8192
2.83214
2.80983
3.53716
2.9196
2.82857
2.8192
3.02624
2.91067
2.82054
2.84865
3.5028
3.12352
2.85846
3.58847
2.8067
3.07488
2.94012
2.82009
3.15609
3.01018
2.96422
2.92673
2.84775
3.61078
2.88077
2.96466
