100
1.24718
1.08386
1.19675
1.05887
1.1441
1.18247
1.11956
1.14098
1.16864
1.08743
1.14231
1.65056
1.28198
1.11376
1.14678
1.16998
1.17578
1.07761
1.09412
1.18158
1.19408
1.22531
1.21282
1.05843
1.06824
1.08029
1.24718
1.24673
1.26458
1.2146
1.26145
1.2619
1.10572
1.06378
1.58942
1.10305
1.33151
1.18471
1.14321
1.10572
1.09055
1.21326
1.09323
1.19184
1.14678
1.15347
1.13874
1.10037
1.04727
1.1914
1.18872
1.27707
1.63003
1.13384
1.18426
1.12714
1.10082
1.07851
1.08921
1.11822
1.33999
1.19229
1.21862
1.14722
1.0727
1.39309
1.12893
1.18872
1.18783
1.12893
1.09412
1.08654
1.12804
1.10483
1.26279
1.15035
1.09814
1.15704
1.4154
1.08788
1.11465
1.18024
1.2146
1.06914
1.1258
1.12491
1.13473
1.76032
1.49126
1.17578
1.23691
1.19095
1.18426
1.10439
1.41495
1.20612
1.22263
1.27127
1.30741
1.09635
