100
0.480575
0.4953
0.472097
0.501994
0.523858
0.5484
0.511364
0.486822
0.471205
0.481022
0.472097
0.477006
0.470312
0.492623
0.489053
0.463619
0.465404
0.47299
0.483253
0.467635
0.4895
0.488161
0.488161
0.486822
0.501994
0.493516
0.478344
0.475221
0.465404
0.495747
0.507348
0.470312
0.47299
0.476559
0.475221
0.499763
0.480575
0.485484
0.47879
0.466743
0.472097
0.491731
0.476559
0.537691
0.501994
0.521627
0.472543
0.609086
0.489053
0.475667
0.47879
0.47299
0.473882
0.467189
0.483699
0.483699
0.467635
0.57205
0.527874
0.541261
0.620687
0.466296
0.501101
0.47299
0.48236
0.479237
0.545277
0.49887
0.4895
0.480575
0.473436
0.475667
0.467189
0.467189
0.498424
0.490838
0.484145
0.473436
0.503779
0.471205
0.477452
0.474774
0.53546
0.464958
0.472097
0.481914
0.479683
0.469866
0.526982
0.622026
0.49887
0.466296
0.468081
0.495747
0.477452
0.67111
0.470759
0.503779
0.61444
0.501101
