100
0.0120478
0.0124941
0.0124941
0.0116016
0.0111554
0.0129403
0.0124941
0.0116016
0.0111554
0.0116016
0.0116016
0.0111554
0.010263
0.0107092
0.0107092
0.010263
0.0107092
0.0107092
0.010263
0.0107092
0.010263
0.010263
0.010263
0.0120478
0.0120478
0.0116016
0.0111554
0.0111554
0.0124941
0.0120478
0.0116016
0.0120478
0.0120478
0.0116016
0.0111554
0.0111554
0.0116016
0.0116016
0.0124941
0.0124941
0.0120478
0.0120478
0.0107092
0.0116016
0.0111554
0.0124941
0.0116016
0.0120478
0.0111554
0.0107092
0.0107092
0.0107092
0.0111554
0.0116016
0.0120478
0.0111554
0.0111554
0.0116016
0.0111554
0.0116016
0.0129403
0.0116016
0.0111554
0.0111554
0.0124941
0.0111554
0.0107092
0.0107092
0.0111554
0.0107092
0.0129403
0.0120478
0.0116016
0.0111554
0.0116016
0.0107092
0.0116016
0.0116016
0.0116016
0.0111554
0.0107092
0.0111554
0.0111554
0.010263
0.010263
0.0107092
0.0107092
0.0120478
0.0107092
0.0107092
0.0107092
0.0107092
0.0107092
0.0107092
0.0107092
0.010263
0.010263
0.0316814
0.0120478
0.0116016
