100
0.0856736
0.0807652
0.0892433
0.0807652
0.0887971
0.0829963
0.0829963
0.0812114
0.0794266
0.080319
0.0812114
0.0847812
0.0821039
0.0789803
0.0807652
0.080319
0.0798728
0.0812114
0.0825501
0.0825501
0.0785341
0.0812114
0.0874585
0.0816576
0.0812114
0.0807652
0.0834425
0.0798728
0.0812114
0.0807652
0.0798728
0.080319
0.0821039
0.0843349
0.0825501
0.0794266
0.0794266
0.0798728
0.0798728
0.0821039
0.0807652
0.0834425
0.0807652
0.0807652
0.0798728
0.0798728
0.0887971
0.0887971
0.0807652
0.0825501
0.0887971
0.0812114
0.0794266
0.0794266
0.0816576
0.0834425
0.080319
0.0798728
0.0807652
0.0829963
0.0821039
0.0812114
0.080319
0.0807652
0.0812114
0.0798728
0.080319
0.0821039
0.0812114
0.080319
0.0798728
0.0816576
0.0807652
0.080319
0.0807652
0.0798728
0.0816576
0.0794266
0.080319
0.0838887
0.0816576
0.0821039
0.080319
0.080319
0.0821039
0.0847812
0.0861198
0.0896895
0.086566
0.0821039
0.0789803
0.0807652
0.0825501
0.0821039
0.0785341
0.0829963
0.0794266
0.0816576
0.0798728
0.159746
