100
0.00446217
0.00580082
0.00669325
0.0053546
0.00401595
0.00624703
0.00401595
0.00446217
0.00580082
0.00580082
0.00624703
0.00669325
0.00401595
0.00713947
0.00669325
0.00669325
0.00446217
0.00446217
0.00580082
0.0053546
0.00401595
0.0080319
0.00446217
0.00580082
0.00446217
0.0053546
0.00446217
0.0053546
0.00446217
0.00624703
0.00446217
0.00401595
0.00446217
0.00713947
0.00713947
0.00580082
0.00401595
0.00580082
0.00401595
0.00446217
0.00446217
0.00401595
0.00580082
0.00624703
0.00401595
0.00401595
0.00446217
0.00401595
0.00446217
0.00446217
0.00401595
0.00580082
0.00446217
0.00580082
0.00401595
0.00713947
0.00624703
0.00624703
0.00401595
0.00446217
0.00401595
0.00580082
0.00446217
0.00401595
0.00446217
0.00580082
0.00401595
0.00758568
0.00580082
0.00580082
0.00401595
0.00713947
0.00401595
0.00401595
0.00580082
0.00446217
0.00580082
0.00446217
0.00713947
0.00624703
0.00580082
0.00446217
0.00713947
0.00580082
0.00713947
0.00401595
0.00446217
0.00446217
0.00669325
0.00446217
0.00446217
0.00580082
0.00580082
0.00624703
0.0053546
0.00713947
0.00401595
0.00713947
0.00401595
0.00580082
