5000
-96887
319216
207381
-42792
-136485
-139446
460725
-195810
-218862
-46032
-183339
474631
87681
115257
-481407
108019
476735
-207495
60845
204634
109063
-227401
402601
131501
-59386
-315182
302741
-354882
477912
194828
-297595
-395364
-121961
-1559
-212300
83025
494911
334795
-416222
-65756
33411
-378485
-322600
-166742
-497882
399712
212674
233419
111362
290530
-179007
-484962
327927
440204
127561
236615
-465454
92818
179869
-20956
-275578
134370
143168
323177
-220213
-418751
-115499
218782
-457171
151923
-372702
-415906
71862
-35381
-436476
-464449
170955
-53766
304621
218314
55631
-56916
230668
21936
-311819
-97623
345159
258025
-70534
-245616
462661
-119752
-359041
271572
-294708
-330937
437858
-56126
-464350
10112
252053
-166785
-490380
460016
-331005
-208085
-72586
245660
338623
-412638
-222842
483384
37565
-408728
-75851
-1947
-261535
138005
-322702
470702
-205580
217395
-495025
141956
-332531
-494245
-479011
-338936
-289154
308600
335768
-352567
262565
-243752
-437521
459278
426166
150415
112431
140837
251941
79799
-139570
-304899
-400816
-75161
-421258
-320741
325410
401151
88079
-384499
489625
472873
34788
147620
-179853
-239478
-155905
165856
290420
-393167
443548
-105517
98418
-366866
334891
4746
-377108
-479350
412665
-62193
-461157
377606
-459049
218976
-94304
44928
-77786
441388
-166604
-28997
19142
-444310
-35401
359025
275336
-433453
-336461
-114250
-419831
-326556
187238
8389
-120483
317125
340700
-281439
273934
-403020
-232575
-84046
-25603
-456896
-62568
309091
404177
232654
-481390
-177757
-394967
80915
-442348
-77760
81053
-460167
-304071
-41337
-22325
190570
4496
64806
309242
279604
-92716
29880
-136036
124942
-367566
-248360
-179827
275457
-411438
-396603
261836
-234209
372192
-166563
-260340
-489603
344504
-151117
-473631
-335347
-249937
219389
-65253
-463143
181852
312494
353273
379862
-29714
-51496
155859
98253
133184
184588
493941
-197213
-160948
424629
-25077
367557
85503
309229
352099
61786
-153596
-412210
-96388
295409
-64591
139785
174977
448857
-232148
-397492
-469373
-124307
286696
423243
312990
212144
-59215
234071
118144
-410231
-394416
200975
-147215
228072
460290
246962
-292020
271824
-44237
-216051
95954
-309902
114841
318232
377728
-316999
-46758
325139
-282285
-33782
76094
-453354
-434817
358676
-29432
-147667
320579
26638
200282
-495013
-145275
-229844
-265279
-160892
-248324
-8741
172829
-18007
393385
-444989
-460950
69602
74467
-445235
417466
-81716
-309461
-448765
280491
-273053
126381
266666
-38752
327039
409408
-338023
186277
-211391
343874
-33967
-202315
-372872
-311333
-136359
-82590
128695
103140
307441
82527
-79154
-162484
359765
275647
-448177
-277026
139555
-380529
380638
-157024
55445
-407811
461931
272826
-480540
485579
-459503
-143051
-357693
445846
-295348
-409113
46113
169286
483353
-351600
396367
-32602
41555
-41446
135321
-436574
195974
220258
-31061
-244967
-427259
-329262
-255284
-215243
-114585
199393
158102
-335024
139956
191002
25794
167278
450344
-14329
91156
-96324
39438
431379
-430607
343556
-406544
28734
-455096
12341
-222817
-160438
-121310
219070
498871
-311265
-243316
58289
195927
-274813
364208
-54506
-151864
-118873
-138674
281039
-196085
-127920
-178464
172620
396681
-362684
-461641
67252
1499
159678
-428648
-493830
241260
245500
232578
172978
-449658
-354525
114543
-201145
-56084
-444954
-155622
-473969
-332673
294296
-406613
103735
271017
-93172
136050
477905
357985
458301
479156
356833
3683
-22241
48567
-239900
-143101
-485979
213426
-255196
54283
-399838
-202599
309271
314058
-491196
368635
476841
162331
354640
-28873
-26424
177891
142959
-94841
-30818
-460593
88694
-163475
-425051
-412633
-57340
372565
-152833
111236
495314
169941
-418573
445192
-198821
356973
248236
-455342
326591
331544
398401
151413
-391691
-343312
-145742
95496
199302
52270
432525
268044
-177479
-113194
-472462
-472346
154635
70343
-242522
-479189
-68099
-183870
120413
197883
204117
467903
414951
-449286
-391827
-340464
104953
378756
-340911
-480337
175054
-217307
327930
-438627
-304624
126722
55392
96774
320963
204245
453747
118210
-8221
182715
-431329
-482670
-159639
410184
43967
394435
330147
-415323
252128
72438
11184
-185366
-25124
365390
-137171
-57308
-171720
26752
201046
37521
126754
174633
-455329
434277
-108891
-428711
-117388
-247189
-346383
315889
-365977
393907
43261
-257430
306809
371264
-332087
-428299
-30944
-399093
81153
-276152
-254182
-434589
-342295
267072
291657
-75868
443898
112736
353622
272871
113596
142128
373719
93807
-241495
-263995
-251316
341652
-401106
134994
258867
-498846
-495527
216788
-178764
54202
-457572
23064
101174
14371
390376
445205
-294129
306489
452263
489141
432972
209549
-84388
-355813
-252561
481185
-221798
-376359
-72658
498822
-248659
48638
70504
386871
431652
454172
-99642
379792
-292967
21280
-9967
-81383
-313573
408684
-65617
-347034
-60947
366665
363163
457530
166863
-243457
213856
16385
383960
-159490
-196242
441850
262670
-411097
-472940
-155409
-176489
-177687
-262715
-346022
-65172
377970
-144582
428161
-12316
259897
115639
-131454
-331823
-114359
-304435
-286604
-240699
-32900
139023
434752
-225656
282501
-125252
-167339
-496982
-292684
-468147
-384348
-425380
95616
-16050
290533
-437939
-191445
414050
-147366
-274840
268307
-326833
-22447
-48199
348394
25498
83470
-138147
-28846
475228
288668
-475421
47070
422349
238065
142256
442102
-112711
438717
-271346
186793
-76266
29648
252250
-252377
195346
-387349
132133
213292
310530
178642
77948
-54514
-462518
48261
-348467
-260238
-341331
-414377
239571
-239877
-31335
307352
-37869
-365737
140488
-111160
-39947
-193045
-27771
73114
-137347
-73659
21270
-253863
-121297
-135376
-238595
-452277
-217562
-45546
-6668
137360
38845
-479551
-72479
-457919
463761
8173
54896
170809
46472
20287
-30062
285600
-352818
420923
52569
-126803
136378
409539
-286172
327299
239438
187335
168139
469701
-6255
-429001
294244
-202822
287543
403461
348338
470269
332100
-382285
-163822
175999
149958
344636
277905
-154745
-413697
-401570
203025
389409
-43244
-46654
126337
-443042
-187522
76744
-445311
474151
380099
220560
337842
5917
-250158
29998
-219258
-359922
-136463
404425
485046
175059
-397226
376478
427810
-490139
424843
386739
-169582
373380
-354805
473974
-208157
343299
-294393
268465
-387713
-150137
108384
-365252
-487739
96914
-221408
1403
-420900
-315077
15946
-194560
-217468
-166505
358150
57640
448722
215869
50366
348263
318491
-205234
461765
420266
376585
-170932
107428
41273
-162407
-434532
235512
-34167
134004
-22783
138218
-453018
-256383
-482288
-397142
-479864
-378833
79893
108896
-416833
426829
-287154
152336
297454
-151045
44953
-420149
-386132
-123273
13020
408589
215424
-373055
-367434
-480455
215891
-341958
241869
251479
-386578
335769
-254404
-423563
-385119
-237365
184501
-240558
-85765
191603
205108
-119297
-38672
-432298
-270205
-422907
-426793
-6922
-329934
412714
377401
-20337
188066
-492374
-22441
-336438
489348
-215597
-42384
-472915
-487976
-497663
-119688
495269
-158372
433807
-119578
-241764
388576
-363079
-50247
379465
43469
-125583
-316674
-362161
94573
-12948
-358153
359491
149349
407604
263263
345260
-18554
-391777
161975
-412008
-454826
94207
407731
-15455
296973
-319622
-45022
417112
-349088
187686
-139856
-141396
-223578
-480724
111374
344967
-401171
467226
179998
-285414
-375181
-388496
-223184
-302860
230361
97565
4819
-213617
278222
-103033
146671
168820
367046
-167277
-420213
430195
-224677
462719
62307
-499724
-186901
482478
-136583
391971
84041
373857
15947
328753
-268181
-467744
241462
367374
-431122
-382413
46094
403591
-56864
453750
371393
-479993
-385682
294339
382532
-48479
266630
-422410
-101002
-372796
332243
319913
-349795
-188146
-102158
14872
-405723
495085
-360552
-422701
113571
52975
-308514
-121091
-36691
-138049
479081
-328323
488332
-108236
-485264
351604
-286882
64196
396767
196174
-249911
-178461
372077
436794
-130650
-102532
33663
-6715
-17013
58827
-117976
-164377
9599
-289647
452
419434
313054
466982
-138521
365501
-497574
241015
449126
-240140
367983
128191
174870
20428
-371156
-431592
-394917
-127762
395840
-30921
68277
360409
-438450
274047
1702
100557
-15258
334671
338361
29194
-389448
-213442
385634
-380828
12997
-423881
-465892
-202337
-127957
186449
457836
259307
-494200
408262
483727
133531
241549
270883
35592
-49291
-216942
482503
-471998
-104256
336194
449704
-120562
-6581
-160614
-301557
-36719
-301135
-57488
10317
495342
-219341
315937
-212029
-256474
120568
165613
172853
99043
-361383
-190614
-487020
-260075
-74226
-110513
248745
-140043
35855
-210903
281539
244608
-372323
-227195
-76344
368983
484463
-30299
366750
-220908
345874
-71869
-334066
441379
-367942
-59745
-125292
-39130
397658
-44472
-363026
-419823
-101700
6579
-400902
-257987
-188484
495475
-361505
-345434
399995
292985
-448444
123569
-123073
146469
446884
-57121
-226175
-9499
-385231
-297772
-238912
-204373
-160609
-336311
216002
317127
452772
330146
394449
-95234
-487835
354654
280930
-496435
-26026
482783
-18551
486712
152815
264721
-452200
188720
133832
-142465
228532
-314065
-14089
477418
234796
-349344
-227896
-79088
428341
453956
-176055
-272641
-14218
44900
-108486
184466
380435
498252
-59698
155892
189062
-370348
-21772
106700
-262795
-335911
65932
-426373
-407300
347267
-396221
143688
497403
-402197
-317027
-203506
95159
-473766
-105486
249543
-223403
-100722
292395
-473422
399928
-74790
476855
-251875
-397653
-398595
456334
-351437
340499
-337755
315258
242699
-274775
-62454
236756
295977
-435841
-321649
485426
-491983
321316
-477933
-474247
278294
479890
157149
205106
99706
-112974
88886
-340438
178173
-142313
-386744
-322885
-217746
100233
288184
-492369
221576
-345959
-374590
-22149
-407029
-276085
-426666
157252
-278636
435040
-281384
327429
-468535
194794
188703
456946
-131730
-443162
-171538
335958
425519
266147
-234184
208979
491362
420204
-378932
-356780
-259693
376415
-314378
263043
423396
313722
-136195
415221
197376
-180439
218097
-376783
-428029
419033
-251263
-76633
27814
-49838
-201949
-36250
-75307
-303560
-85386
-187042
-352691
-368356
396407
156938
-229300
-50636
155553
233487
-190506
-127922
180864
-178046
208449
-139331
-462146
426802
-55788
-364570
-362694
-374024
-216453
464135
391130
356696
-456675
-214978
-198045
-5835
419022
23006
468067
175940
-5250
-445887
137036
16728
156136
-130509
-5722
478268
-62144
388365
-494979
128975
-452720
-118228
182836
-75100
127512
-60625
-278886
-161532
307977
-50292
150504
135715
-223428
178386
19929
-347480
142698
145536
163805
83394
70500
-21891
404828
93731
283156
41085
-366051
61281
143657
-385660
-23610
337728
186475
86045
167687
422903
25867
-231998
-119387
-314645
-51797
60966
268002
-498058
-66019
334367
-348896
-338347
-452144
99765
402708
78258
457837
480341
315023
-401152
285559
-7051
-127170
153620
-106948
320903
324721
-130961
431296
-366315
271207
464744
-315630
392039
325470
-309352
-68445
5297
-316898
160631
474690
-406555
75546
-188861
116209
-324050
-337917
-206840
416370
-418775
-474841
-283598
71701
316696
-328435
493567
-77659
214994
286710
-247955
3769
479523
221129
-345112
-451229
-75457
70572
-469438
-73157
437225
-72254
-263923
470240
445814
412376
-90018
487773
-337297
-471666
-153983
-351852
-479264
-237509
275064
329843
107785
-264074
427717
486387
209424
34101
-168808
-52046
423057
227914
55549
-299851
-218541
300784
-212273
-251939
83645
-365297
-449938
40974
264090
-165245
-123935
-10553
-182132
26502
-418105
161316
-117881
303351
484531
-76399
197307
101195
272128
135032
-103048
169652
-364855
-339690
303603
-497419
235004
-260783
-444746
-60221
-279169
247264
-10185
-409520
-286275
-347687
133634
25245
460557
-414658
89275
181549
231064
-293676
-445552
256913
417118
-441151
335587
-169799
65874
62157
-310871
298060
-87563
23107
139328
-361495
446095
-241032
70771
-417705
3129
19482
-240337
-285423
36152
352020
-483997
-261169
-31149
-252767
-347335
303228
373077
-384163
415731
177911
-204831
-218461
247605
106946
173631
169265
147036
472603
-58956
-200297
-51902
195601
19598
156177
136766
437129
128633
-114708
-330825
-429374
-383143
155652
-148490
-198396
479928
35674
76347
353945
26085
210603
21675
-444679
364510
-112777
-120985
-190035
-225831
-415895
-439083
498047
30372
417584
225305
326717
98077
367020
-257065
93001
-45317
447414
-376008
48329
-109271
336267
35808
-180707
425206
-111531
488197
-404205
152254
-253179
294106
468259
-361480
-144567
-22756
-243807
396572
468875
243372
348066
337472
310194
346169
167141
108349
-399035
105622
-84693
-375971
381790
-271351
185673
210525
-376859
-54168
196271
304120
-258686
-449109
223398
74613
358704
-174593
-408136
151192
116100
-87487
493538
459179
-270225
-466625
437709
244139
-30171
-261426
473182
106671
176823
414098
-284328
-446879
-129951
-287844
-54825
368544
469856
268427
438282
-480749
-236277
-198810
-468276
-331499
182831
-111481
-233462
92191
-393935
48983
-84683
-80498
307628
434699
-72165
97295
-334611
308280
338094
-88301
-260944
-324003
-135369
-50423
-8876
296545
30669
-202018
94160
-208378
170490
-425694
-139702
-494195
-442955
364716
449808
-261536
-179865
88029
-408316
-120743
-328523
-215122
448122
132396
126779
-128494
79035
423594
16629
-305301
-191458
276084
-240331
-224227
55175
-199116
-256691
-354615
54758
12781
-352831
205318
489588
361355
289090
361684
322260
-499764
-12831
81642
284237
39127
61684
-105072
-441915
-85814
299791
-52947
480546
162149
184080
429416
-96847
-405984
258291
138941
-1680
150794
461265
-199454
48059
-18522
352130
453455
125049
-253065
113856
340336
440877
60226
318940
276766
-124293
-216161
489863
329254
-402406
-316168
349212
-51868
-247731
453260
-195056
-343009
468453
2407
-125102
-194402
66043
-60305
219161
-447645
-479526
-240620
255212
-444425
-114978
-480295
-45799
-53989
265450
398827
-374978
331370
-470042
397434
232111
201478
496523
-292713
-375149
-196308
-310925
215648
101512
487488
306569
-400759
218899
-204191
-206440
-54743
493764
127229
-298797
-421126
-103447
-347254
-233098
375770
326402
274629
-125374
-2723
288147
181401
358070
-44035
445943
-349986
283729
-392746
498228
-33023
-150719
61589
-394722
128890
177261
44738
139066
44231
-333550
-407268
223855
-393575
-15160
285113
212334
-442893
151459
-480084
-184445
-474291
15534
-174877
482314
-273111
-297132
-14284
-177805
71277
-103243
304442
-276039
-326512
135466
436320
-326142
441897
131184
473464
-138665
-321953
131569
-235178
-160528
-455227
190238
365428
-186411
479855
-167201
-159006
5729
325508
-332918
124563
-258563
63931
-320348
197143
-323841
310508
-402970
362679
424846
-376315
368466
-453500
434522
194761
311186
-295383
-391401
-377644
-334444
-227820
-133038
461389
335289
-317014
72937
131562
199932
370224
-329783
16875
-149761
252308
-443520
-457710
131650
56133
-83191
-409684
-337406
52847
-39538
-77492
138207
179634
187244
380599
201041
-327337
140824
-62201
-340822
141841
465793
177327
-407745
-294982
-126120
-56106
306580
-200500
280053
70469
-249429
-360372
-344452
118565
103186
-195982
-61941
-64146
-464642
158642
483990
164208
-162211
-477624
-112282
-138287
-239525
-480866
-164410
253435
-173895
477488
-256203
251455
-8675
-486066
32672
381962
495824
256535
378426
9497
-46932
467228
-159611
346030
-463268
-382986
289984
-75575
-215829
-426936
374289
115550
450230
-476977
-489567
354278
-103671
-214726
302877
91506
172588
194840
129993
-384235
-303790
-373883
85957
-404929
142315
182397
457004
263718
-422629
170723
313896
432432
-161941
426921
481277
-300956
437433
72262
-160902
128988
-323882
-218359
-357507
216015
48180
-356313
420584
234719
177167
-468727
156362
198694
-50638
449093
-380841
-48759
-75910
-428736
-173240
-133744
241366
-292951
-335115
21189
276371
-219354
411651
-321829
442715
-378578
-37691
301338
411788
317644
365027
279179
-429142
97352
-430064
456005
-405846
-149939
-413045
-363455
-109249
-327428
213208
-427078
287501
52435
32690
-87527
-132966
119022
-439990
-133816
44378
334366
-91351
38678
338607
-162748
-217434
357840
-326145
-82017
152243
49506
-34239
235706
121652
238724
236116
-413447
156263
80798
44999
-455280
-162265
-227694
63686
23018
-197184
184349
337823
324206
-280187
420303
229641
-49301
-253692
-130409
-293791
-481864
-366167
-69895
-372467
-242010
-119075
-372545
71729
377481
166223
364878
-279004
189558
209922
-105051
-399656
-452135
22127
466078
238593
410430
47209
-320360
-482367
174395
-178844
339288
-281957
92100
383771
109948
-332884
-159733
189268
-163668
-177921
454741
21848
364357
381125
419048
101643
226389
107170
-143317
80994
-189496
-9722
-185111
440373
-210603
88799
-5294
272777
28634
299324
-468143
-246031
-92885
234251
357603
213371
-390404
-3815
-328075
-96151
170960
432403
220585
-266719
-346122
-315841
330308
262018
446125
7769
-145420
-87870
393075
-330749
-392668
460184
-321792
-84353
-53633
-21124
-426940
-301587
-35378
-19644
64712
304696
-339889
73677
2699
-63516
-40894
10521
-216184
-24239
-65852
-224876
-181144
63837
86996
26765
-325236
-334741
-176224
317158
89896
-452030
-470507
-270468
464194
94979
-405632
-323373
85594
-35431
18952
-337870
104127
91390
414566
-114919
155141
153215
186980
-107905
-431380
-234138
-447089
-211650
63859
212813
140800
68028
98610
-56472
352963
496636
217256
186245
-456742
-498087
-344410
-390771
-359423
479591
266682
69536
-208817
398820
44264
-184273
493235
-6046
-483643
-69121
196020
366966
157603
-467764
110340
92836
204490
-494106
-109613
-362068
-252322
-261501
457409
-104818
223851
432749
84637
-443459
178516
-291233
-225731
94921
205718
-221036
-233199
-499348
-212795
252872
-266183
416664
-147933
291258
407311
-212266
-55022
383407
-28833
-194297
345875
-31303
414023
333499
97784
195600
362600
159155
-178416
-346709
153491
-12306
-133125
494951
67176
422377
143244
412905
-111291
231143
-63421
395838
-205535
-426382
236955
88706
126573
119511
355490
285823
319210
-353417
-469949
150014
-125459
-227737
-100678
-236614
312472
-287586
-499167
-203395
-57250
-11500
128543
-69960
-471039
-391592
-236775
409535
-370410
166401
-305591
370320
-7653
86243
-484620
-80744
455644
-166724
379389
452846
134225
-163762
-114651
-387817
-438066
349496
-173434
-9064
-285114
-93345
-255620
8279
-110664
493504
192016
132366
236320
-435480
-470620
109762
-385559
-193998
493057
-355038
346743
267596
-58184
-153384
434684
-164719
458367
-438682
-74047
318195
-211440
-274587
177336
-187194
282209
67858
-375211
257681
-275194
-479729
-315767
-364533
142630
215853
-411221
-343149
301838
420577
168642
-288632
-380870
-475575
-404478
350661
-334384
234041
264320
138744
80890
76428
215363
-460655
-13144
-43724
341192
-378281
-177543
214479
77851
111044
-404648
366362
-191253
-257377
173868
-324281
452641
-359149
337883
196236
-166189
53975
-67493
332387
-365040
-384420
159670
356530
-311652
-149712
-148853
168846
-250519
454728
-261179
63815
-327994
-378859
483296
-477631
35532
188026
467157
-414337
-347150
-84150
427819
-90992
109547
-292630
116164
307688
21649
-415723
-63327
166847
-9418
-282398
-483052
-142592
-362895
-328090
-273666
276728
-56243
484053
-95097
-472035
-440910
-458056
469925
290847
47681
-475274
109924
-428023
473982
-122488
-447925
79837
-5156
-106194
-402482
-268018
-457052
-110394
-421181
397195
451970
-633
334028
-207307
-27324
2673
185762
-156374
54878
6324
-469007
106233
367999
378005
30936
398946
391331
-431226
-80030
97213
39441
-179882
443070
-204493
-46447
478131
494929
-329404
249605
351717
18988
-410556
-491950
-416052
-336011
308588
-127936
278407
143840
-448509
298102
-406637
225848
311644
227238
413272
455458
-273552
149371
246733
468900
-428932
402233
33812
256069
-186527
199682
130257
119573
-200989
49445
77783
-313251
394606
340409
151826
220160
-28673
-242264
217416
-497915
133332
351071
-28852
-52881
310153
23384
-130621
147055
-381670
348634
320398
57087
-59438
-437004
153593
445622
373173
101166
-496784
113689
-413310
-324082
-460750
9657
32360
318059
66284
-499534
469707
-404677
-258387
476687
-289763
480508
75022
-138615
334769
294414
389101
-452460
-85886
-156838
86616
40333
-282489
-309198
119241
80180
73385
493099
459197
-247723
-254101
70545
31716
-134867
-118604
-165714
-274346
199186
422369
-147377
-32256
88961
-60392
122170
182602
63221
64958
-135558
167637
-367445
239636
37695
-35592
127611
-451319
-260523
111705
158795
-332748
-102287
-201665
377440
211466
144444
-55539
-148658
-402226
-242965
261301
163580
183081
266941
-453003
-379647
166291
32490
214366
-116503
345572
465820
271237
-346379
-226588
213158
312204
391003
-195868
-199221
-213047
480
-351187
-19482
141545
-32505
231649
-272322
-447482
51961
-407464
322048
-307002
-341129
-333579
241677
-231187
-344892
337931
388770
-241536
52904
203634
-383534
125575
94685
288877
320431
31777
449428
74863
397600
-390735
94204
200730
-232051
318726
-127804
-322036
-71698
36630
460994
-113307
68004
-411406
495059
-257363
-412447
-277603
-471958
494235
355161
122058
132729
363933
-66536
59958
365348
65286
220200
-183495
-1741
-74349
-280090
-429917
129417
428518
244928
-462199
-407020
220753
468504
-199728
-351530
277349
365326
202885
-244583
-63441
327836
150012
348128
54734
-150218
-11320
-129184
-466886
80803
-46284
-403331
232689
-343113
35472
189692
213238
-232424
-74397
82317
254068
397541
113863
-372915
-420072
53922
435033
-111543
-447289
281805
-481163
-202147
-18326
141020
442158
-5879
46778
430801
442700
-406914
304834
313087
-469322
253849
72298
-373635
101037
-353930
234138
99537
296331
405115
492837
22870
-464358
488365
-56311
300573
134521
81055
159063
-281368
10803
-449686
-450985
-45610
-327310
357657
268417
79374
41215
-42024
-296761
280418
267590
276360
-43101
95597
140176
-409238
-108401
364905
-356201
-310244
295024
-220608
-254996
-425546
-67445
-202442
226137
367416
487236
320755
163632
-247715
-462751
110955
-63133
484483
-136849
217117
-104940
-156791
28624
-251214
199673
208396
-333772
-88965
-425486
-93644
-479739
66823
116721
349658
467717
-132679
-267756
471967
368571
-462523
-65460
160493
299136
-482768
20003
93685
-373494
19735
-215082
-129970
196506
-496305
-229962
165243
-490057
158281
-168215
-54325
-494576
484292
292178
36958
-378825
-248129
-270334
51397
-296266
-20258
183285
219282
441658
450132
464617
254420
-451787
465464
433408
290808
-51356
-68143
-4742
104113
493636
433317
-165206
-308562
434921
-381788
454317
-55135
362238
190957
182476
472085
-466720
-420294
410645
47960
-95091
267527
-365305
314275
112583
-59928
164240
-351296
-33104
86925
-409047
-87321
423985
-442574
-155131
144399
288558
-12137
-74412
-432593
132037
46991
462085
-331064
-414118
-208465
-101081
-109076
-390130
-456582
443654
446531
-253041
-388508
-304481
210866
62879
15823
238825
449458
261702
-33382
-27403
380282
-214709
309645
-133598
-275065
221740
-51701
-167109
-141629
-435620
308161
53109
-345097
140369
-217172
-359972
-48029
187597
128092
-269025
182278
-46457
-262042
331557
-456028
-142526
67137
67833
-362980
257379
194835
-76173
462030
178145
175815
429360
334434
221002
230048
466790
413156
249134
111725
-440182
-195023
-264126
-465054
-212743
189886
417161
-334958
-66712
102227
130096
-496709
-498736
468271
-82488
-76061
-98026
217363
-99881
-204157
244553
-456900
-379290
275819
292554
491877
475892
280756
-177273
34328
-391116
389633
-117338
-50986
300101
-144236
157960
313510
393128
185821
-111252
231356
191626
142585
350008
-249969
185521
14472
-398535
317027
-272415
-175437
331482
-474971
439762
116395
-394758
-472795
151139
-201054
105366
163044
-306928
410402
-201089
151475
369374
-249694
-84012
-228872
-285991
233479
268558
-5220
-117735
442544
137411
-386393
-346222
-247833
-272838
479818
392136
257896
-366696
227595
-192532
381416
-186067
-70077
321664
-296597
-361959
103414
110999
44306
117760
-257204
367987
80265
213362
392845
372909
-244720
291019
-49553
-187089
169316
60648
-439725
-84502
-411878
-424252
464306
167178
340049
-353995
-85831
-148025
90344
89407
-472697
-99487
223310
-57953
322054
328135
-153742
-41576
239313
60059
255631
-382235
413807
497616
-445772
-93597
364370
-15622
-371393
-331263
351096
408409
-429407
-420090
-451598
-40234
-324926
-373664
455349
372003
8082
201433
100593
379632
-463288
79982
-484203
241398
-444271
-103021
-8830
55636
400406
287875
-286727
-172938
187559
143058
-182492
467635
-163004
331293
-486972
-312644
125461
231488
29066
-103208
-245680
94487
313527
-149434
-428609
-1083
56176
-283578
49
432452
-262598
-483520
478104
-30205
-211354
-129923
65064
357001
-439121
-333953
-167553
-204632
34824
-437571
-461776
-323775
31254
337089
373052
470048
112622
-92338
-450148
-321165
275415
-241273
-233970
-394128
-419357
-480686
448579
-254328
467520
497313
-114841
-204888
437739
105163
-400965
-470764
225745
91468
-423745
298259
-192892
-320621
-42877
179992
-438383
-167309
-75690
28028
495432
-25975
-75317
445547
-160170
-152376
243815
-68890
-467662
-132638
373836
319562
-360244
-378474
-334452
-87101
-157711
-480125
207405
-475901
-279494
160396
-118769
185133
236508
-197224
-488880
331631
228107
-328027
211210
474220
-425237
463493
-414730
-488587
486893
-140906
340449
-239466
498506
462932
90910
287836
269985
-372927
-28972
433946
-267582
-478257
-416704
-196054
209526
397744
387771
70565
-94072
474626
-187514
-405902
-173109
-147443
-30032
376654
-275887
363888
466916
316618
-243587
441199
-223406
126138
317189
130039
485006
192065
-10392
-448718
50473
144189
331249
263711
415925
109514
33321
-231781
109646
-354790
-105398
382388
-260103
-106862
341775
50597
-341904
260586
238883
85842
348951
408803
-64207
-59017
346821
152875
220790
412164
-18697
271785
-274638
107002
-441309
-350019
79781
-454747
-269705
-260425
-218373
106639
-285514
361204
-76677
331349
488363
-399154
-317348
361166
-347650
-251675
-462332
189089
-108161
484792
-77870
-366920
314346
176338
-367379
-30484
458598
499798
367057
31398
49340
290275
-259696
214600
-349031
-400850
-32442
-204080
-152221
-217582
-211846
193545
268263
55546
292198
45104
425405
-161444
-160552
-134032
-29792
-332439
-128390
210998
-152651
357281
159916
-196549
174699
-255166
-256498
187856
361574
222009
32747
375042
-12532
180846
-122185
272451
3864
210026
118193
-184010
-96966
402259
-210461
367695
116023
339330
-482707
-193087
113438
334221
218860
157685
-458153
115497
24971
18528
231395
-44027
-399521
21786
299195
-149472
315660
-53673
100409
-68678
165910
201464
169584
96753
68876
-94635
-90156
405782
-136204
59232
-151967
184115
-378133
230506
-54175
417622
363730
203950
233268
357262
271583
-359906
-134909
-216007
-46178
45344
289393
166728
-129284
475191
322026
-138889
-414252
213666
490138
-76063
224465
-489363
-64197
-489978
140623
-407316
-378756
-420532
156038
175747
-236060
-251888
299051
-25674
-267612
-480479
-176889
-407634
7652
51175
395568
-303769
-406323
-320582
31373
-457300
-451186
221223
108519
-222115
106836
461575
342604
138867
367672
-135077
-489503
221764
-333826
304599
453762
-439740
390450
268764
-376900
-69738
330291
-311898
371131
29252
-110308
95617
-21105
485450
-23223
-284949
496509
-132686
165238
481634
354318
72504
441380
221558
281522
-325115
-16288
113812
-293290
53756
1675
-301365
351102
-389227
-298338
-321816
171539
9558
-470861
-154312
-81763
-390841
237865
475933
-216117
-221442
275497
-386474
16874
-207139
-39088
121300
-66306
-41750
283442
416922
150536
-272033
-26023
428920
-495549
-105191
260180
394560
-161445
-66563
340405
423802
400483
-452452
-460243
36172
147811
396636
81570
-220195
-478611
-65971
372953
454409
-86356
69345
-468360
480534
426914
-23281
77419
312080
-113840
-78868
37685
287228
-24811
345866
381353
-164543
-175940
-413988
-370418
-213283
-42903
-385900
-403445
413916
-209416
-35170
-209561
277981
-93771
-387673
440328
55555
250727
403088
-263592
-48506
-208679
327258
479786
75156
-366705
-441764
129015
-256213
474634
-279282
425571
-17705
-279757
-313967
339849
306891
-240702
-94210
494896
-431524
-369984
30377
243133
433367
-377997
-489744
-353353
-161177
-66287
-437240
-241294
468308
-74276
243774
-398831
34754
330917
189670
124031
-370095
47323
5620
404189
308202
-58753
405746
-74608
-212924
-80562
31747
18747
167764
-73330
-439392
-52129
85813
-220911
69184
-373082
-405308
131858
-392927
155571
-270963
-56129
-41482
143609
387728
-444584
-103228
212792
207367
475808
315627
96718
118551
-230451
-462087
-377538
201823
-429131
-274625
124532
434143
314479
205987
-26257
357820
108451
204167
-128420
-361011
-46571
330884
-369505
129723
-173982
-129303
48949
-206444
-109960
141056
-411437
316871
-192463
-406581
43606
177574
-476741
-365724
340198
-61220
336148
131000
-227370
222756
236950
-4326
31814
151843
446811
490996
128929
401982
192183
253139
-458182
-397480
-59655
-68855
425600
-172450
459050
330453
399461
478776
443801
268085
39158
235543
489424
-336300
-233465
-161689
-136959
-25563
26477
476677
-213769
6314
94359
82
-134265
413418
-402988
265251
11108
60987
-31597
-394987
140754
-290659
407270
-397488
-382128
-441032
-49478
45196
3076
489616
270012
33858
-30993
412666
-51734
-66809
-312103
-437393
-156095
-346895
-440991
-85432
-358932
-479386
-399628
277336
-381316
-348728
-343652
377229
-176203
-141514
-477838
-80051
-214431
369784
19509
-491853
-462870
111172
325932
-220130
269704
-471530
96492
62442
422945
-221809
37630
404932
-472926
-398560
-68879
491910
87753
197122
202995
-444817
117038
240098
24366
128056
247619
369282
-435402
24447
28048
-161082
296122
-75858
430445
130094
-268654
329655
-160585
6608
-45002
-445258
-302984
-297778
-498167
-204431
425879
131102
463968
344793
475113
-348907
314207
-418813
497411
313007
216248
-125469
479415
-257270
299642
-488199
329584
-72540
409352
-400048
296354
-472822
-391867
498266
-271096
28166
-394365
-380342
490677
206407
-105609
-401264
-41086
-212575
468820
399836
464787
104208
476114
213815
-399344
282765
-353158
477504
224295
87575
-329742
-215997
-347506
-83731
402390
305816
433761
79129
94510
-229474
-430950
-281363
321518
256347
273189
395129
384721
-66695
-457125
-435332
446430
-437857
298689
-114482
206071
-334549
-110684
56195
187867
-272725
-407018
358866
-121752
453782
335914
-85185
325180
-462152
8434
-233727
82566
233947
121470
476822
-473356
403517
14188
105763
-486973
-352325
399795
120456
152343
189257
478648
-389733
160851
-413752
-440317
403746
467867
-108984
-75521
399187
-162360
-418723
-203073
-280162
186299
-352823
312927
-193716
-487685
432021
471860
-133087
-117530
348137
212613
470592
-143162
32882
-240423
200053
340174
200951
316304
-470117
261590
-265643
-428653
-402355
331176
-403721
-302492
-343006
-121160
144018
52056
-148918
-93624
343197
-361925
-424768
454651
68064
471736
-36692
-345280
-241023
-329364
221037
-88283
-261963
203044
27496
-142324
-154353
-163852
-198994
453095
215685
-230695
-388604
-226876
56963
17097
-207976
25598
435774
13597
115234
363347
-470608
-461128
423920
112233
62917
92356
-206858
205892
335398
-34077
27892
-74344
-211505
221745
-199902
-96460
-296148
-351343
-224529
23540
-125527
-279317
317523
175950
418657
237872
141731
401066
328960
375928
117424
185412
-434020
-233330
58395
-236436
-225277
323764
-306746
186959
-392539
329806
-75713
18321
-370731
5615
-416191
369246
-256570
150263
-216346
-271250
-311729
-283300
371080
-419235
272954
-260164
-442687
363600
446690
-155568
-105507
-254013
301219
-351006
-1411
-8487
-406804
497094
131880
-250032
-161114
331048
-140426
-408817
-370847
492563
217668
-230266
484627
-446943
-130789
-393691
204186
358862
-244520
82260
-440708
273894
148161
-468552
53913
-287766
-102936
126530
-324947
364999
340756
415676
261629
61664
130507
76029
-47072
487052
146661
493922
59392
-17444
-243891
-429251
61531
89018
56809
427743
-143127
446136
-392268
309093
-199092
-65352
-12423
-131352
-220022
242996
264873
-495181
103836
-369372
177727
-490903
-228750
-415292
359730
364502
-68047
196776
-240948
-359327
422933
477381
205531
-450373
-165768
-289111
-373867
-245419
156041
-304499
-358369
390380
-448304
28134
-241651
177980
405669
461949
98934
274433
-78293
390055
325282
111077
-48587
-465469
13859
454324
-105735
492671
-231817
387234
-53715
-37940
378536
483190
-288902
411630
366733
3657
-390819
-284094
-39115
428871
-410515
201176
-110431
203557
-209190
398294
-8145
39516
-90356
485876
-401143
-192758
95548
39670
-150667
-460599
401186
263477
-427443
-286124
-399185
-472306
183994
266155
-312529
306349
-466600
140005
73077
-361455
-427731
316576
-5461
-77415
-452728
368405
23737
-461534
-235538
419411
399412
-250565
64759
-124063
392344
386898
-210791
123380
-285993
-94580
266938
77514
-168832
-472338
262502
-396282
-471178
-226886
-417122
-460371
98013
496775
445464
-389309
-350048
417851
-352507
403759
-172212
-362676
-235267
-173492
-297837
406434
-75687
-423622
499507
-315888
298567
4912
-190414
214878
243785
-294759
228139
98740
419065
-291930
-107800
182303
32558
119765
-499089
471448
356237
349578
178968
-241104
-452688
-394687
214313
-100450
401220
359190
-357003
-124630
143060
-444195
-353513
-452212
444053
160249
-407033
426881
278126
-492504
451990
-186057
193482
-377663
-173377
99610
11259
82569
431331
-280415
126862
450601
308815
493612
-13572
-229618
-373503
303658
-147348
-41339
14953
-280013
-178517
76395
-411361
371543
-458391
463980
-128621
-33670
-205839
155599
45916
-425159
193779
-425757
-128951
479275
246572
147104
132714
463300
211421
-172614
352004
157820
185294
383632
-128613
-141012
-18147
322003
361548
-327706
33464
281656
340308
29887
-471350
-490910
446683
-284297
-265189
145301
-65794
179986
222790
-237620
195638
388468
38846
-208993
-25491
-359857
400146
-96276
459927
234012
-473142
463941
-286510
84559
370888
-437122
-301668
-213816
-458036
295970
-389258
409471
-162378
2071
171507
256218
494071
-76838
-177739
-360812
304133
270860
182813
-50173
-27035
-346510
-269388
-194157
479212
418925
44915
77912
-182663
169185
-103892
-367927
498387
274592
-300679
212031
-498389
-186334
430390
-45409
33560
142333
-219926
329393
488051
-233319
1035
427296
108167
-250705
485688
393217
-458344
263619
80665
189044
396303
65739
-51639
403513
278283
-494592
-341925
-342749
474723
283182
79437
255682
256054
-308608
245484
22245
285086
-105267
-165698
77458
425580
307415
311521
232237
167010
-32358
-21306
202962
437381
-180207
417888
114391
148809
143925
253553
7372
-354661
439421
-45863
-405125
102580
-147894
102587
-359692
22899
496669
-407074
-411240
-451600
467002
269987
-487933
347198
370711
81048
-243260
-425342
-30692
284678
-86390
-24902
-67305
472278
-350404
45349
-259834
335952
140366
428663
173397
144869
478247
369882
-463223
-46519
-363799
282824
401238
355875
492521
285902
-244463
494853
149992
-64366
-245754
437538
439764
277229
180298
317112
24733
234549
-324164
-428704
221493
-46741
-5345
472107
-274414
305928
-61040
402776
-189349
-361012
-204529
-55955
447555
-162648
207090
-393209
-11396
103765
71057
306110
-203916
-307285
-310393
-156713
-456345
441288
-36987
-330216
43847
-123392
422209
288057
-256731
-331285
-306753
368016
-278293
395221
310035
463996
-76544
-281490
-92671
-256227
486032
190467
356953
127475
-360294
-460510
353810
351142
311713
-93253
-148410
412886
399540
267519
-195004
-15193
-308933
74811
196482
-64527
-228782
395933
-122845
-203155
223041
494270
-128506
-247114
-23418
342814
463923
164846
-426461
-307556
-108504
270838
-295665
155598
-137360
365894
-160503
455984
478225
492766
-90634
-495339
-370947
210196
94694
-177199
-341524
-420084
-72256
-327617
-151572
47639
366023
484442
484662
19401
88262
403654
-15752
350996
19414
-453875
-380840
-493660
-70069
-480154
57848
8388
-214274
-124642
461410
274821
-68232
-353561
365654
-136090
202584
305131
263137
450818
249168
304642
-126201
371197
-308375
140365
238335
-155517
-106792
328073
121813
285345
192588
386049
-86770
-244730
-493069
5504
-99134
202471
-213320
157687
-95247
291394
-456236
286673
329481
430334
-252430
164234
-30601
294744
100830
246908
81228
-357735
-52612
338702
-310325
-317196
-72423
111370
163201
472563
-8908
-246993
-238543
-379494
466551
246409
22403
427264
145773
-284811
172175
-114910
-165943
99752
175537
-61130
-165261
-176386
269687
316042
283777
377220
-219050
-145955
44667
119039
18040
402060
276727
271616
-187820
-42254
265258
301014
-456451
-3974
305963
295050
427483
404033
-442531
97727
-26942
-486050
399034
-94806
200708
-340534
-4526
-99311
12210
6794
-158387
110854
-222956
269045
318471
-164629
298079
-312972
-465968
-301965
46280
-276788
-396585
-117021
432098
100963
256225
-228136
374988
321211
431925
125897
450922
286896
242011
478693
311978
250145
432438
433842
