10000
-96887
319216
207381
-42792
-136485
-139446
460725
-195810
-218862
-46032
-183339
474631
87681
115257
-481407
108019
476735
-207495
60845
204634
109063
-227401
402601
131501
-59386
-315182
302741
-354882
477912
194828
-297595
-395364
-121961
-1559
-212300
83025
494911
334795
-416222
-65756
33411
-378485
-322600
-166742
-497882
399712
212674
233419
111362
290530
-179007
-484962
327927
440204
127561
236615
-465454
92818
179869
-20956
-275578
134370
143168
323177
-220213
-418751
-115499
218782
-457171
151923
-372702
-415906
71862
-35381
-436476
-464449
170955
-53766
304621
218314
55631
-56916
230668
21936
-311819
-97623
345159
258025
-70534
-245616
462661
-119752
-359041
271572
-294708
-330937
437858
-56126
-464350
10112
252053
-166785
-490380
460016
-331005
-208085
-72586
245660
338623
-412638
-222842
483384
37565
-408728
-75851
-1947
-261535
138005
-322702
470702
-205580
217395
-495025
141956
-332531
-494245
-479011
-338936
-289154
308600
335768
-352567
262565
-243752
-437521
459278
426166
150415
112431
140837
251941
79799
-139570
-304899
-400816
-75161
-421258
-320741
325410
401151
88079
-384499
489625
472873
34788
147620
-179853
-239478
-155905
165856
290420
-393167
443548
-105517
98418
-366866
334891
4746
-377108
-479350
412665
-62193
-461157
377606
-459049
218976
-94304
44928
-77786
441388
-166604
-28997
19142
-444310
-35401
359025
275336
-433453
-336461
-114250
-419831
-326556
187238
8389
-120483
317125
340700
-281439
273934
-403020
-232575
-84046
-25603
-456896
-62568
309091
404177
232654
-481390
-177757
-394967
80915
-442348
-77760
81053
-460167
-304071
-41337
-22325
190570
4496
64806
309242
279604
-92716
29880
-136036
124942
-367566
-248360
-179827
275457
-411438
-396603
261836
-234209
372192
-166563
-260340
-489603
344504
-151117
-473631
-335347
-249937
219389
-65253
-463143
181852
312494
353273
379862
-29714
-51496
155859
98253
133184
184588
493941
-197213
-160948
424629
-25077
367557
85503
309229
352099
61786
-153596
-412210
-96388
295409
-64591
139785
174977
448857
-232148
-397492
-469373
-124307
286696
423243
312990
212144
-59215
234071
118144
-410231
-394416
200975
-147215
228072
460290
246962
-292020
271824
-44237
-216051
95954
-309902
114841
318232
377728
-316999
-46758
325139
-282285
-33782
76094
-453354
-434817
358676
-29432
-147667
320579
26638
200282
-495013
-145275
-229844
-265279
-160892
-248324
-8741
172829
-18007
393385
-444989
-460950
69602
74467
-445235
417466
-81716
-309461
-448765
280491
-273053
126381
266666
-38752
327039
409408
-338023
186277
-211391
343874
-33967
-202315
-372872
-311333
-136359
-82590
128695
103140
307441
82527
-79154
-162484
359765
275647
-448177
-277026
139555
-380529
380638
-157024
55445
-407811
461931
272826
-480540
485579
-459503
-143051
-357693
445846
-295348
-409113
46113
169286
483353
-351600
396367
-32602
41555
-41446
135321
-436574
195974
220258
-31061
-244967
-427259
-329262
-255284
-215243
-114585
199393
158102
-335024
139956
191002
25794
167278
450344
-14329
91156
-96324
39438
431379
-430607
343556
-406544
28734
-455096
12341
-222817
-160438
-121310
219070
498871
-311265
-243316
58289
195927
-274813
364208
-54506
-151864
-118873
-138674
281039
-196085
-127920
-178464
172620
396681
-362684
-461641
67252
1499
159678
-428648
-493830
241260
245500
232578
172978
-449658
-354525
114543
-201145
-56084
-444954
-155622
-473969
-332673
294296
-406613
103735
271017
-93172
136050
477905
357985
458301
479156
356833
3683
-22241
48567
-239900
-143101
-485979
213426
-255196
54283
-399838
-202599
309271
314058
-491196
368635
476841
162331
354640
-28873
-26424
177891
142959
-94841
-30818
-460593
88694
-163475
-425051
-412633
-57340
372565
-152833
111236
495314
169941
-418573
445192
-198821
356973
248236
-455342
326591
331544
398401
151413
-391691
-343312
-145742
95496
199302
52270
432525
268044
-177479
-113194
-472462
-472346
154635
70343
-242522
-479189
-68099
-183870
120413
197883
204117
467903
414951
-449286
-391827
-340464
104953
378756
-340911
-480337
175054
-217307
327930
-438627
-304624
126722
55392
96774
320963
204245
453747
118210
-8221
182715
-431329
-482670
-159639
410184
43967
394435
330147
-415323
252128
72438
11184
-185366
-25124
365390
-137171
-57308
-171720
26752
201046
37521
126754
174633
-455329
434277
-108891
-428711
-117388
-247189
-346383
315889
-365977
393907
43261
-257430
306809
371264
-332087
-428299
-30944
-399093
81153
-276152
-254182
-434589
-342295
267072
291657
-75868
443898
112736
353622
272871
113596
142128
373719
93807
-241495
-263995
-251316
341652
-401106
134994
258867
-498846
-495527
216788
-178764
54202
-457572
23064
101174
14371
390376
445205
-294129
306489
452263
489141
432972
209549
-84388
-355813
-252561
481185
-221798
-376359
-72658
498822
-248659
48638
70504
386871
431652
454172
-99642
379792
-292967
21280
-9967
-81383
-313573
408684
-65617
-347034
-60947
366665
363163
457530
166863
-243457
213856
16385
383960
-159490
-196242
441850
262670
-411097
-472940
-155409
-176489
-177687
-262715
-346022
-65172
377970
-144582
428161
-12316
259897
115639
-131454
-331823
-114359
-304435
-286604
-240699
-32900
139023
434752
-225656
282501
-125252
-167339
-496982
-292684
-468147
-384348
-425380
95616
-16050
290533
-437939
-191445
414050
-147366
-274840
268307
-326833
-22447
-48199
348394
25498
83470
-138147
-28846
475228
288668
-475421
47070
422349
238065
142256
442102
-112711
438717
-271346
186793
-76266
29648
252250
-252377
195346
-387349
132133
213292
310530
178642
77948
-54514
-462518
48261
-348467
-260238
-341331
-414377
239571
-239877
-31335
307352
-37869
-365737
140488
-111160
-39947
-193045
-27771
73114
-137347
-73659
21270
-253863
-121297
-135376
-238595
-452277
-217562
-45546
-6668
137360
38845
-479551
-72479
-457919
463761
8173
54896
170809
46472
20287
-30062
285600
-352818
420923
52569
-126803
136378
409539
-286172
327299
239438
187335
168139
469701
-6255
-429001
294244
-202822
287543
403461
348338
470269
332100
-382285
-163822
175999
149958
344636
277905
-154745
-413697
-401570
203025
389409
-43244
-46654
126337
-443042
-187522
76744
-445311
474151
380099
220560
337842
5917
-250158
29998
-219258
-359922
-136463
404425
485046
175059
-397226
376478
427810
-490139
424843
386739
-169582
373380
-354805
473974
-208157
343299
-294393
268465
-387713
-150137
108384
-365252
-487739
96914
-221408
1403
-420900
-315077
15946
-194560
-217468
-166505
358150
57640
448722
215869
50366
348263
318491
-205234
461765
420266
376585
-170932
107428
41273
-162407
-434532
235512
-34167
134004
-22783
138218
-453018
-256383
-482288
-397142
-479864
-378833
79893
108896
-416833
426829
-287154
152336
297454
-151045
44953
-420149
-386132
-123273
13020
408589
215424
-373055
-367434
-480455
215891
-341958
241869
251479
-386578
335769
-254404
-423563
-385119
-237365
184501
-240558
-85765
191603
205108
-119297
-38672
-432298
-270205
-422907
-426793
-6922
-329934
412714
377401
-20337
188066
-492374
-22441
-336438
489348
-215597
-42384
-472915
-487976
-497663
-119688
495269
-158372
433807
-119578
-241764
388576
-363079
-50247
379465
43469
-125583
-316674
-362161
94573
-12948
-358153
359491
149349
407604
263263
345260
-18554
-391777
161975
-412008
-454826
94207
407731
-15455
296973
-319622
-45022
417112
-349088
187686
-139856
-141396
-223578
-480724
111374
344967
-401171
467226
179998
-285414
-375181
-388496
-223184
-302860
230361
97565
4819
-213617
278222
-103033
146671
168820
367046
-167277
-420213
430195
-224677
462719
62307
-499724
-186901
482478
-136583
391971
84041
373857
15947
328753
-268181
-467744
241462
367374
-431122
-382413
46094
403591
-56864
453750
371393
-479993
-385682
294339
382532
-48479
266630
-422410
-101002
-372796
332243
319913
-349795
-188146
-102158
14872
-405723
495085
-360552
-422701
113571
52975
-308514
-121091
-36691
-138049
479081
-328323
488332
-108236
-485264
351604
-286882
64196
396767
196174
-249911
-178461
372077
436794
-130650
-102532
33663
-6715
-17013
58827
-117976
-164377
9599
-289647
452
419434
313054
466982
-138521
365501
-497574
241015
449126
-240140
367983
128191
174870
20428
-371156
-431592
-394917
-127762
395840
-30921
68277
360409
-438450
274047
1702
100557
-15258
334671
338361
29194
-389448
-213442
385634
-380828
12997
-423881
-465892
-202337
-127957
186449
457836
259307
-494200
408262
483727
133531
241549
270883
35592
-49291
-216942
482503
-471998
-104256
336194
449704
-120562
-6581
-160614
-301557
-36719
-301135
-57488
10317
495342
-219341
315937
-212029
-256474
120568
165613
172853
99043
-361383
-190614
-487020
-260075
-74226
-110513
248745
-140043
35855
-210903
281539
244608
-372323
-227195
-76344
368983
484463
-30299
366750
-220908
345874
-71869
-334066
441379
-367942
-59745
-125292
-39130
397658
-44472
-363026
-419823
-101700
6579
-400902
-257987
-188484
495475
-361505
-345434
399995
292985
-448444
123569
-123073
146469
446884
-57121
-226175
-9499
-385231
-297772
-238912
-204373
-160609
-336311
216002
317127
452772
330146
394449
-95234
-487835
354654
280930
-496435
-26026
482783
-18551
486712
152815
264721
-452200
188720
133832
-142465
228532
-314065
-14089
477418
234796
-349344
-227896
-79088
428341
453956
-176055
-272641
-14218
44900
-108486
184466
380435
498252
-59698
155892
189062
-370348
-21772
106700
-262795
-335911
65932
-426373
-407300
347267
-396221
143688
497403
-402197
-317027
-203506
95159
-473766
-105486
249543
-223403
-100722
292395
-473422
399928
-74790
476855
-251875
-397653
-398595
456334
-351437
340499
-337755
315258
242699
-274775
-62454
236756
295977
-435841
-321649
485426
-491983
321316
-477933
-474247
278294
479890
157149
205106
99706
-112974
88886
-340438
178173
-142313
-386744
-322885
-217746
100233
288184
-492369
221576
-345959
-374590
-22149
-407029
-276085
-426666
157252
-278636
435040
-281384
327429
-468535
194794
188703
456946
-131730
-443162
-171538
335958
425519
266147
-234184
208979
491362
420204
-378932
-356780
-259693
376415
-314378
263043
423396
313722
-136195
415221
197376
-180439
218097
-376783
-428029
419033
-251263
-76633
27814
-49838
-201949
-36250
-75307
-303560
-85386
-187042
-352691
-368356
396407
156938
-229300
-50636
155553
233487
-190506
-127922
180864
-178046
208449
-139331
-462146
426802
-55788
-364570
-362694
-374024
-216453
464135
391130
356696
-456675
-214978
-198045
-5835
419022
23006
468067
175940
-5250
-445887
137036
16728
156136
-130509
-5722
478268
-62144
388365
-494979
128975
-452720
-118228
182836
-75100
127512
-60625
-278886
-161532
307977
-50292
150504
135715
-223428
178386
19929
-347480
142698
145536
163805
83394
70500
-21891
404828
93731
283156
41085
-366051
61281
143657
-385660
-23610
337728
186475
86045
167687
422903
25867
-231998
-119387
-314645
-51797
60966
268002
-498058
-66019
334367
-348896
-338347
-452144
99765
402708
78258
457837
480341
315023
-401152
285559
-7051
-127170
153620
-106948
320903
324721
-130961
431296
-366315
271207
464744
-315630
392039
325470
-309352
-68445
5297
-316898
160631
474690
-406555
75546
-188861
116209
-324050
-337917
-206840
416370
-418775
-474841
-283598
71701
316696
-328435
493567
-77659
214994
286710
-247955
3769
479523
221129
-345112
-451229
-75457
70572
-469438
-73157
437225
-72254
-263923
470240
445814
412376
-90018
487773
-337297
-471666
-153983
-351852
-479264
-237509
275064
329843
107785
-264074
427717
486387
209424
34101
-168808
-52046
423057
227914
55549
-299851
-218541
300784
-212273
-251939
83645
-365297
-449938
40974
264090
-165245
-123935
-10553
-182132
26502
-418105
161316
-117881
303351
484531
-76399
197307
101195
272128
135032
-103048
169652
-364855
-339690
303603
-497419
235004
-260783
-444746
-60221
-279169
247264
-10185
-409520
-286275
-347687
133634
25245
460557
-414658
89275
181549
231064
-293676
-445552
256913
417118
-441151
335587
-169799
65874
62157
-310871
298060
-87563
23107
139328
-361495
446095
-241032
70771
-417705
3129
19482
-240337
-285423
36152
352020
-483997
-261169
-31149
-252767
-347335
303228
373077
-384163
415731
177911
-204831
-218461
247605
106946
173631
169265
147036
472603
-58956
-200297
-51902
195601
19598
156177
136766
437129
128633
-114708
-330825
-429374
-383143
155652
-148490
-198396
479928
35674
76347
353945
26085
210603
21675
-444679
364510
-112777
-120985
-190035
-225831
-415895
-439083
498047
30372
417584
225305
326717
98077
367020
-257065
93001
-45317
447414
-376008
48329
-109271
336267
35808
-180707
425206
-111531
488197
-404205
152254
-253179
294106
468259
-361480
-144567
-22756
-243807
396572
468875
243372
348066
337472
310194
346169
167141
108349
-399035
105622
-84693
-375971
381790
-271351
185673
210525
-376859
-54168
196271
304120
-258686
-449109
223398
74613
358704
-174593
-408136
151192
116100
-87487
493538
459179
-270225
-466625
437709
244139
-30171
-261426
473182
106671
176823
414098
-284328
-446879
-129951
-287844
-54825
368544
469856
268427
438282
-480749
-236277
-198810
-468276
-331499
182831
-111481
-233462
92191
-393935
48983
-84683
-80498
307628
434699
-72165
97295
-334611
308280
338094
-88301
-260944
-324003
-135369
-50423
-8876
296545
30669
-202018
94160
-208378
170490
-425694
-139702
-494195
-442955
364716
449808
-261536
-179865
88029
-408316
-120743
-328523
-215122
448122
132396
126779
-128494
79035
423594
16629
-305301
-191458
276084
-240331
-224227
55175
-199116
-256691
-354615
54758
12781
-352831
205318
489588
361355
289090
361684
322260
-499764
-12831
81642
284237
39127
61684
-105072
-441915
-85814
299791
-52947
480546
162149
184080
429416
-96847
-405984
258291
138941
-1680
150794
461265
-199454
48059
-18522
352130
453455
125049
-253065
113856
340336
440877
60226
318940
276766
-124293
-216161
489863
329254
-402406
-316168
349212
-51868
-247731
453260
-195056
-343009
468453
2407
-125102
-194402
66043
-60305
219161
-447645
-479526
-240620
255212
-444425
-114978
-480295
-45799
-53989
265450
398827
-374978
331370
-470042
397434
232111
201478
496523
-292713
-375149
-196308
-310925
215648
101512
487488
306569
-400759
218899
-204191
-206440
-54743
493764
127229
-298797
-421126
-103447
-347254
-233098
375770
326402
274629
-125374
-2723
288147
181401
358070
-44035
445943
-349986
283729
-392746
498228
-33023
-150719
61589
-394722
128890
177261
44738
139066
44231
-333550
-407268
223855
-393575
-15160
285113
212334
-442893
151459
-480084
-184445
-474291
15534
-174877
482314
-273111
-297132
-14284
-177805
71277
-103243
304442
-276039
-326512
135466
436320
-326142
441897
131184
473464
-138665
-321953
131569
-235178
-160528
-455227
190238
365428
-186411
479855
-167201
-159006
5729
325508
-332918
124563
-258563
63931
-320348
197143
-323841
310508
-402970
362679
424846
-376315
368466
-453500
434522
194761
311186
-295383
-391401
-377644
-334444
-227820
-133038
461389
335289
-317014
72937
131562
199932
370224
-329783
16875
-149761
252308
-443520
-457710
131650
56133
-83191
-409684
-337406
52847
-39538
-77492
138207
179634
187244
380599
201041
-327337
140824
-62201
-340822
141841
465793
177327
-407745
-294982
-126120
-56106
306580
-200500
280053
70469
-249429
-360372
-344452
118565
103186
-195982
-61941
-64146
-464642
158642
483990
164208
-162211
-477624
-112282
-138287
-239525
-480866
-164410
253435
-173895
477488
-256203
251455
-8675
-486066
32672
381962
495824
256535
378426
9497
-46932
467228
-159611
346030
-463268
-382986
289984
-75575
-215829
-426936
374289
115550
450230
-476977
-489567
354278
-103671
-214726
302877
91506
172588
194840
129993
-384235
-303790
-373883
85957
-404929
142315
182397
457004
263718
-422629
170723
313896
432432
-161941
426921
481277
-300956
437433
72262
-160902
128988
-323882
-218359
-357507
216015
48180
-356313
420584
234719
177167
-468727
156362
198694
-50638
449093
-380841
-48759
-75910
-428736
-173240
-133744
241366
-292951
-335115
21189
276371
-219354
411651
-321829
442715
-378578
-37691
301338
411788
317644
365027
279179
-429142
97352
-430064
456005
-405846
-149939
-413045
-363455
-109249
-327428
213208
-427078
287501
52435
32690
-87527
-132966
119022
-439990
-133816
44378
334366
-91351
38678
338607
-162748
-217434
357840
-326145
-82017
152243
49506
-34239
235706
121652
238724
236116
-413447
156263
80798
44999
-455280
-162265
-227694
63686
23018
-197184
184349
337823
324206
-280187
420303
229641
-49301
-253692
-130409
-293791
-481864
-366167
-69895
-372467
-242010
-119075
-372545
71729
377481
166223
364878
-279004
189558
209922
-105051
-399656
-452135
22127
466078
238593
410430
47209
-320360
-482367
174395
-178844
339288
-281957
92100
383771
109948
-332884
-159733
189268
-163668
-177921
454741
21848
364357
381125
419048
101643
226389
107170
-143317
80994
-189496
-9722
-185111
440373
-210603
88799
-5294
272777
28634
299324
-468143
-246031
-92885
234251
357603
213371
-390404
-3815
-328075
-96151
170960
432403
220585
-266719
-346122
-315841
330308
262018
446125
7769
-145420
-87870
393075
-330749
-392668
460184
-321792
-84353
-53633
-21124
-426940
-301587
-35378
-19644
64712
304696
-339889
73677
2699
-63516
-40894
10521
-216184
-24239
-65852
-224876
-181144
63837
86996
26765
-325236
-334741
-176224
317158
89896
-452030
-470507
-270468
464194
94979
-405632
-323373
85594
-35431
18952
-337870
104127
91390
414566
-114919
155141
153215
186980
-107905
-431380
-234138
-447089
-211650
63859
212813
140800
68028
98610
-56472
352963
496636
217256
186245
-456742
-498087
-344410
-390771
-359423
479591
266682
69536
-208817
398820
44264
-184273
493235
-6046
-483643
-69121
196020
366966
157603
-467764
110340
92836
204490
-494106
-109613
-362068
-252322
-261501
457409
-104818
223851
432749
84637
-443459
178516
-291233
-225731
94921
205718
-221036
-233199
-499348
-212795
252872
-266183
416664
-147933
291258
407311
-212266
-55022
383407
-28833
-194297
345875
-31303
414023
333499
97784
195600
362600
159155
-178416
-346709
153491
-12306
-133125
494951
67176
422377
143244
412905
-111291
231143
-63421
395838
-205535
-426382
236955
88706
126573
119511
355490
285823
319210
-353417
-469949
150014
-125459
-227737
-100678
-236614
312472
-287586
-499167
-203395
-57250
-11500
128543
-69960
-471039
-391592
-236775
409535
-370410
166401
-305591
370320
-7653
86243
-484620
-80744
455644
-166724
379389
452846
134225
-163762
-114651
-387817
-438066
349496
-173434
-9064
-285114
-93345
-255620
8279
-110664
493504
192016
132366
236320
-435480
-470620
109762
-385559
-193998
493057
-355038
346743
267596
-58184
-153384
434684
-164719
458367
-438682
-74047
318195
-211440
-274587
177336
-187194
282209
67858
-375211
257681
-275194
-479729
-315767
-364533
142630
215853
-411221
-343149
301838
420577
168642
-288632
-380870
-475575
-404478
350661
-334384
234041
264320
138744
80890
76428
215363
-460655
-13144
-43724
341192
-378281
-177543
214479
77851
111044
-404648
366362
-191253
-257377
173868
-324281
452641
-359149
337883
196236
-166189
53975
-67493
332387
-365040
-384420
159670
356530
-311652
-149712
-148853
168846
-250519
454728
-261179
63815
-327994
-378859
483296
-477631
35532
188026
467157
-414337
-347150
-84150
427819
-90992
109547
-292630
116164
307688
21649
-415723
-63327
166847
-9418
-282398
-483052
-142592
-362895
-328090
-273666
276728
-56243
484053
-95097
-472035
-440910
-458056
469925
290847
47681
-475274
109924
-428023
473982
-122488
-447925
79837
-5156
-106194
-402482
-268018
-457052
-110394
-421181
397195
451970
-633
334028
-207307
-27324
2673
185762
-156374
54878
6324
-469007
106233
367999
378005
30936
398946
391331
-431226
-80030
97213
39441
-179882
443070
-204493
-46447
478131
494929
-329404
249605
351717
18988
-410556
-491950
-416052
-336011
308588
-127936
278407
143840
-448509
298102
-406637
225848
311644
227238
413272
455458
-273552
149371
246733
468900
-428932
402233
33812
256069
-186527
199682
130257
119573
-200989
49445
77783
-313251
394606
340409
151826
220160
-28673
-242264
217416
-497915
133332
351071
-28852
-52881
310153
23384
-130621
147055
-381670
348634
320398
57087
-59438
-437004
153593
445622
373173
101166
-496784
113689
-413310
-324082
-460750
9657
32360
318059
66284
-499534
469707
-404677
-258387
476687
-289763
480508
75022
-138615
334769
294414
389101
-452460
-85886
-156838
86616
40333
-282489
-309198
119241
80180
73385
493099
459197
-247723
-254101
70545
31716
-134867
-118604
-165714
-274346
199186
422369
-147377
-32256
88961
-60392
122170
182602
63221
64958
-135558
167637
-367445
239636
37695
-35592
127611
-451319
-260523
111705
158795
-332748
-102287
-201665
377440
211466
144444
-55539
-148658
-402226
-242965
261301
163580
183081
266941
-453003
-379647
166291
32490
214366
-116503
345572
465820
271237
-346379
-226588
213158
312204
391003
-195868
-199221
-213047
480
-351187
-19482
141545
-32505
231649
-272322
-447482
51961
-407464
322048
-307002
-341129
-333579
241677
-231187
-344892
337931
388770
-241536
52904
203634
-383534
125575
94685
288877
320431
31777
449428
74863
397600
-390735
94204
200730
-232051
318726
-127804
-322036
-71698
36630
460994
-113307
68004
-411406
495059
-257363
-412447
-277603
-471958
494235
355161
122058
132729
363933
-66536
59958
365348
65286
220200
-183495
-1741
-74349
-280090
-429917
129417
428518
244928
-462199
-407020
220753
468504
-199728
-351530
277349
365326
202885
-244583
-63441
327836
150012
348128
54734
-150218
-11320
-129184
-466886
80803
-46284
-403331
232689
-343113
35472
189692
213238
-232424
-74397
82317
254068
397541
113863
-372915
-420072
53922
435033
-111543
-447289
281805
-481163
-202147
-18326
141020
442158
-5879
46778
430801
442700
-406914
304834
313087
-469322
253849
72298
-373635
101037
-353930
234138
99537
296331
405115
492837
22870
-464358
488365
-56311
300573
134521
81055
159063
-281368
10803
-449686
-450985
-45610
-327310
357657
268417
79374
41215
-42024
-296761
280418
267590
276360
-43101
95597
140176
-409238
-108401
364905
-356201
-310244
295024
-220608
-254996
-425546
-67445
-202442
226137
367416
487236
320755
163632
-247715
-462751
110955
-63133
484483
-136849
217117
-104940
-156791
28624
-251214
199673
208396
-333772
-88965
-425486
-93644
-479739
66823
116721
349658
467717
-132679
-267756
471967
368571
-462523
-65460
160493
299136
-482768
20003
93685
-373494
19735
-215082
-129970
196506
-496305
-229962
165243
-490057
158281
-168215
-54325
-494576
484292
292178
36958
-378825
-248129
-270334
51397
-296266
-20258
183285
219282
441658
450132
464617
254420
-451787
465464
433408
290808
-51356
-68143
-4742
104113
493636
433317
-165206
-308562
434921
-381788
454317
-55135
362238
190957
182476
472085
-466720
-420294
410645
47960
-95091
267527
-365305
314275
112583
-59928
164240
-351296
-33104
86925
-409047
-87321
423985
-442574
-155131
144399
288558
-12137
-74412
-432593
132037
46991
462085
-331064
-414118
-208465
-101081
-109076
-390130
-456582
443654
446531
-253041
-388508
-304481
210866
62879
15823
238825
449458
261702
-33382
-27403
380282
-214709
309645
-133598
-275065
221740
-51701
-167109
-141629
-435620
308161
53109
-345097
140369
-217172
-359972
-48029
187597
128092
-269025
182278
-46457
-262042
331557
-456028
-142526
67137
67833
-362980
257379
194835
-76173
462030
178145
175815
429360
334434
221002
230048
466790
413156
249134
111725
-440182
-195023
-264126
-465054
-212743
189886
417161
-334958
-66712
102227
130096
-496709
-498736
468271
-82488
-76061
-98026
217363
-99881
-204157
244553
-456900
-379290
275819
292554
491877
475892
280756
-177273
34328
-391116
389633
-117338
-50986
300101
-144236
157960
313510
393128
185821
-111252
231356
191626
142585
350008
-249969
185521
14472
-398535
317027
-272415
-175437
331482
-474971
439762
116395
-394758
-472795
151139
-201054
105366
163044
-306928
410402
-201089
151475
369374
-249694
-84012
-228872
-285991
233479
268558
-5220
-117735
442544
137411
-386393
-346222
-247833
-272838
479818
392136
257896
-366696
227595
-192532
381416
-186067
-70077
321664
-296597
-361959
103414
110999
44306
117760
-257204
367987
80265
213362
392845
372909
-244720
291019
-49553
-187089
169316
60648
-439725
-84502
-411878
-424252
464306
167178
340049
-353995
-85831
-148025
90344
89407
-472697
-99487
223310
-57953
322054
328135
-153742
-41576
239313
60059
255631
-382235
413807
497616
-445772
-93597
364370
-15622
-371393
-331263
351096
408409
-429407
-420090
-451598
-40234
-324926
-373664
455349
372003
8082
201433
100593
379632
-463288
79982
-484203
241398
-444271
-103021
-8830
55636
400406
287875
-286727
-172938
187559
143058
-182492
467635
-163004
331293
-486972
-312644
125461
231488
29066
-103208
-245680
94487
313527
-149434
-428609
-1083
56176
-283578
49
432452
-262598
-483520
478104
-30205
-211354
-129923
65064
357001
-439121
-333953
-167553
-204632
34824
-437571
-461776
-323775
31254
337089
373052
470048
112622
-92338
-450148
-321165
275415
-241273
-233970
-394128
-419357
-480686
448579
-254328
467520
497313
-114841
-204888
437739
105163
-400965
-470764
225745
91468
-423745
298259
-192892
-320621
-42877
179992
-438383
-167309
-75690
28028
495432
-25975
-75317
445547
-160170
-152376
243815
-68890
-467662
-132638
373836
319562
-360244
-378474
-334452
-87101
-157711
-480125
207405
-475901
-279494
160396
-118769
185133
236508
-197224
-488880
331631
228107
-328027
211210
474220
-425237
463493
-414730
-488587
486893
-140906
340449
-239466
498506
462932
90910
287836
269985
-372927
-28972
433946
-267582
-478257
-416704
-196054
209526
397744
387771
70565
-94072
474626
-187514
-405902
-173109
-147443
-30032
376654
-275887
363888
466916
316618
-243587
441199
-223406
126138
317189
130039
485006
192065
-10392
-448718
50473
144189
331249
263711
415925
109514
33321
-231781
109646
-354790
-105398
382388
-260103
-106862
341775
50597
-341904
260586
238883
85842
348951
408803
-64207
-59017
346821
152875
220790
412164
-18697
271785
-274638
107002
-441309
-350019
79781
-454747
-269705
-260425
-218373
106639
-285514
361204
-76677
331349
488363
-399154
-317348
361166
-347650
-251675
-462332
189089
-108161
484792
-77870
-366920
314346
176338
-367379
-30484
458598
499798
367057
31398
49340
290275
-259696
214600
-349031
-400850
-32442
-204080
-152221
-217582
-211846
193545
268263
55546
292198
45104
425405
-161444
-160552
-134032
-29792
-332439
-128390
210998
-152651
357281
159916
-196549
174699
-255166
-256498
187856
361574
222009
32747
375042
-12532
180846
-122185
272451
3864
210026
118193
-184010
-96966
402259
-210461
367695
116023
339330
-482707
-193087
113438
334221
218860
157685
-458153
115497
24971
18528
231395
-44027
-399521
21786
299195
-149472
315660
-53673
100409
-68678
165910
201464
169584
96753
68876
-94635
-90156
405782
-136204
59232
-151967
184115
-378133
230506
-54175
417622
363730
203950
233268
357262
271583
-359906
-134909
-216007
-46178
45344
289393
166728
-129284
475191
322026
-138889
-414252
213666
490138
-76063
224465
-489363
-64197
-489978
140623
-407316
-378756
-420532
156038
175747
-236060
-251888
299051
-25674
-267612
-480479
-176889
-407634
7652
51175
395568
-303769
-406323
-320582
31373
-457300
-451186
221223
108519
-222115
106836
461575
342604
138867
367672
-135077
-489503
221764
-333826
304599
453762
-439740
390450
268764
-376900
-69738
330291
-311898
371131
29252
-110308
95617
-21105
485450
-23223
-284949
496509
-132686
165238
481634
354318
72504
441380
221558
281522
-325115
-16288
113812
-293290
53756
1675
-301365
351102
-389227
-298338
-321816
171539
9558
-470861
-154312
-81763
-390841
237865
475933
-216117
-221442
275497
-386474
16874
-207139
-39088
121300
-66306
-41750
283442
416922
150536
-272033
-26023
428920
-495549
-105191
260180
394560
-161445
-66563
340405
423802
400483
-452452
-460243
36172
147811
396636
81570
-220195
-478611
-65971
372953
454409
-86356
69345
-468360
480534
426914
-23281
77419
312080
-113840
-78868
37685
287228
-24811
345866
381353
-164543
-175940
-413988
-370418
-213283
-42903
-385900
-403445
413916
-209416
-35170
-209561
277981
-93771
-387673
440328
55555
250727
403088
-263592
-48506
-208679
327258
479786
75156
-366705
-441764
129015
-256213
474634
-279282
425571
-17705
-279757
-313967
339849
306891
-240702
-94210
494896
-431524
-369984
30377
243133
433367
-377997
-489744
-353353
-161177
-66287
-437240
-241294
468308
-74276
243774
-398831
34754
330917
189670
124031
-370095
47323
5620
404189
308202
-58753
405746
-74608
-212924
-80562
31747
18747
167764
-73330
-439392
-52129
85813
-220911
69184
-373082
-405308
131858
-392927
155571
-270963
-56129
-41482
143609
387728
-444584
-103228
212792
207367
475808
315627
96718
118551
-230451
-462087
-377538
201823
-429131
-274625
124532
434143
314479
205987
-26257
357820
108451
204167
-128420
-361011
-46571
330884
-369505
129723
-173982
-129303
48949
-206444
-109960
141056
-411437
316871
-192463
-406581
43606
177574
-476741
-365724
340198
-61220
336148
131000
-227370
222756
236950
-4326
31814
151843
446811
490996
128929
401982
192183
253139
-458182
-397480
-59655
-68855
425600
-172450
459050
330453
399461
478776
443801
268085
39158
235543
489424
-336300
-233465
-161689
-136959
-25563
26477
476677
-213769
6314
94359
82
-134265
413418
-402988
265251
11108
60987
-31597
-394987
140754
-290659
407270
-397488
-382128
-441032
-49478
45196
3076
489616
270012
33858
-30993
412666
-51734
-66809
-312103
-437393
-156095
-346895
-440991
-85432
-358932
-479386
-399628
277336
-381316
-348728
-343652
377229
-176203
-141514
-477838
-80051
-214431
369784
19509
-491853
-462870
111172
325932
-220130
269704
-471530
96492
62442
422945
-221809
37630
404932
-472926
-398560
-68879
491910
87753
197122
202995
-444817
117038
240098
24366
128056
247619
369282
-435402
24447
28048
-161082
296122
-75858
430445
130094
-268654
329655
-160585
6608
-45002
-445258
-302984
-297778
-498167
-204431
425879
131102
463968
344793
475113
-348907
314207
-418813
497411
313007
216248
-125469
479415
-257270
299642
-488199
329584
-72540
409352
-400048
296354
-472822
-391867
498266
-271096
28166
-394365
-380342
490677
206407
-105609
-401264
-41086
-212575
468820
399836
464787
104208
476114
213815
-399344
282765
-353158
477504
224295
87575
-329742
-215997
-347506
-83731
402390
305816
433761
79129
94510
-229474
-430950
-281363
321518
256347
273189
395129
384721
-66695
-457125
-435332
446430
-437857
298689
-114482
206071
-334549
-110684
56195
187867
-272725
-407018
358866
-121752
453782
335914
-85185
325180
-462152
8434
-233727
82566
233947
121470
476822
-473356
403517
14188
105763
-486973
-352325
399795
120456
152343
189257
478648
-389733
160851
-413752
-440317
403746
467867
-108984
-75521
399187
-162360
-418723
-203073
-280162
186299
-352823
312927
-193716
-487685
432021
471860
-133087
-117530
348137
212613
470592
-143162
32882
-240423
200053
340174
200951
316304
-470117
261590
-265643
-428653
-402355
331176
-403721
-302492
-343006
-121160
144018
52056
-148918
-93624
343197
-361925
-424768
454651
68064
471736
-36692
-345280
-241023
-329364
221037
-88283
-261963
203044
27496
-142324
-154353
-163852
-198994
453095
215685
-230695
-388604
-226876
56963
17097
-207976
25598
435774
13597
115234
363347
-470608
-461128
423920
112233
62917
92356
-206858
205892
335398
-34077
27892
-74344
-211505
221745
-199902
-96460
-296148
-351343
-224529
23540
-125527
-279317
317523
175950
418657
237872
141731
401066
328960
375928
117424
185412
-434020
-233330
58395
-236436
-225277
323764
-306746
186959
-392539
329806
-75713
18321
-370731
5615
-416191
369246
-256570
150263
-216346
-271250
-311729
-283300
371080
-419235
272954
-260164
-442687
363600
446690
-155568
-105507
-254013
301219
-351006
-1411
-8487
-406804
497094
131880
-250032
-161114
331048
-140426
-408817
-370847
492563
217668
-230266
484627
-446943
-130789
-393691
204186
358862
-244520
82260
-440708
273894
148161
-468552
53913
-287766
-102936
126530
-324947
364999
340756
415676
261629
61664
130507
76029
-47072
487052
146661
493922
59392
-17444
-243891
-429251
61531
89018
56809
427743
-143127
446136
-392268
309093
-199092
-65352
-12423
-131352
-220022
242996
264873
-495181
103836
-369372
177727
-490903
-228750
-415292
359730
364502
-68047
196776
-240948
-359327
422933
477381
205531
-450373
-165768
-289111
-373867
-245419
156041
-304499
-358369
390380
-448304
28134
-241651
177980
405669
461949
98934
274433
-78293
390055
325282
111077
-48587
-465469
13859
454324
-105735
492671
-231817
387234
-53715
-37940
378536
483190
-288902
411630
366733
3657
-390819
-284094
-39115
428871
-410515
201176
-110431
203557
-209190
398294
-8145
39516
-90356
485876
-401143
-192758
95548
39670
-150667
-460599
401186
263477
-427443
-286124
-399185
-472306
183994
266155
-312529
306349
-466600
140005
73077
-361455
-427731
316576
-5461
-77415
-452728
368405
23737
-461534
-235538
419411
399412
-250565
64759
-124063
392344
386898
-210791
123380
-285993
-94580
266938
77514
-168832
-472338
262502
-396282
-471178
-226886
-417122
-460371
98013
496775
445464
-389309
-350048
417851
-352507
403759
-172212
-362676
-235267
-173492
-297837
406434
-75687
-423622
499507
-315888
298567
4912
-190414
214878
243785
-294759
228139
98740
419065
-291930
-107800
182303
32558
119765
-499089
471448
356237
349578
178968
-241104
-452688
-394687
214313
-100450
401220
359190
-357003
-124630
143060
-444195
-353513
-452212
444053
160249
-407033
426881
278126
-492504
451990
-186057
193482
-377663
-173377
99610
11259
82569
431331
-280415
126862
450601
308815
493612
-13572
-229618
-373503
303658
-147348
-41339
14953
-280013
-178517
76395
-411361
371543
-458391
463980
-128621
-33670
-205839
155599
45916
-425159
193779
-425757
-128951
479275
246572
147104
132714
463300
211421
-172614
352004
157820
185294
383632
-128613
-141012
-18147
322003
361548
-327706
33464
281656
340308
29887
-471350
-490910
446683
-284297
-265189
145301
-65794
179986
222790
-237620
195638
388468
38846
-208993
-25491
-359857
400146
-96276
459927
234012
-473142
463941
-286510
84559
370888
-437122
-301668
-213816
-458036
295970
-389258
409471
-162378
2071
171507
256218
494071
-76838
-177739
-360812
304133
270860
182813
-50173
-27035
-346510
-269388
-194157
479212
418925
44915
77912
-182663
169185
-103892
-367927
498387
274592
-300679
212031
-498389
-186334
430390
-45409
33560
142333
-219926
329393
488051
-233319
1035
427296
108167
-250705
485688
393217
-458344
263619
80665
189044
396303
65739
-51639
403513
278283
-494592
-341925
-342749
474723
283182
79437
255682
256054
-308608
245484
22245
285086
-105267
-165698
77458
425580
307415
311521
232237
167010
-32358
-21306
202962
437381
-180207
417888
114391
148809
143925
253553
7372
-354661
439421
-45863
-405125
102580
-147894
102587
-359692
22899
496669
-407074
-411240
-451600
467002
269987
-487933
347198
370711
81048
-243260
-425342
-30692
284678
-86390
-24902
-67305
472278
-350404
45349
-259834
335952
140366
428663
173397
144869
478247
369882
-463223
-46519
-363799
282824
401238
355875
492521
285902
-244463
494853
149992
-64366
-245754
437538
439764
277229
180298
317112
24733
234549
-324164
-428704
221493
-46741
-5345
472107
-274414
305928
-61040
402776
-189349
-361012
-204529
-55955
447555
-162648
207090
-393209
-11396
103765
71057
306110
-203916
-307285
-310393
-156713
-456345
441288
-36987
-330216
43847
-123392
422209
288057
-256731
-331285
-306753
368016
-278293
395221
310035
463996
-76544
-281490
-92671
-256227
486032
190467
356953
127475
-360294
-460510
353810
351142
311713
-93253
-148410
412886
399540
267519
-195004
-15193
-308933
74811
196482
-64527
-228782
395933
-122845
-203155
223041
494270
-128506
-247114
-23418
342814
463923
164846
-426461
-307556
-108504
270838
-295665
155598
-137360
365894
-160503
455984
478225
492766
-90634
-495339
-370947
210196
94694
-177199
-341524
-420084
-72256
-327617
-151572
47639
366023
484442
484662
19401
88262
403654
-15752
350996
19414
-453875
-380840
-493660
-70069
-480154
57848
8388
-214274
-124642
461410
274821
-68232
-353561
365654
-136090
202584
305131
263137
450818
249168
304642
-126201
371197
-308375
140365
238335
-155517
-106792
328073
121813
285345
192588
386049
-86770
-244730
-493069
5504
-99134
202471
-213320
157687
-95247
291394
-456236
286673
329481
430334
-252430
164234
-30601
294744
100830
246908
81228
-357735
-52612
338702
-310325
-317196
-72423
111370
163201
472563
-8908
-246993
-238543
-379494
466551
246409
22403
427264
145773
-284811
172175
-114910
-165943
99752
175537
-61130
-165261
-176386
269687
316042
283777
377220
-219050
-145955
44667
119039
18040
402060
276727
271616
-187820
-42254
265258
301014
-456451
-3974
305963
295050
427483
404033
-442531
97727
-26942
-486050
399034
-94806
200708
-340534
-4526
-99311
12210
6794
-158387
110854
-222956
269045
318471
-164629
298079
-312972
-465968
-301965
46280
-276788
-396585
-117021
432098
100963
256225
-228136
374988
321211
431925
125897
450922
286896
242011
478693
311978
250145
432438
433842
-431702
-97919
-193032
297862
-298069
380399
377620
-2894
405009
307746
-410883
5990
-460874
173763
410164
-222443
107306
-444574
-321205
-313390
220592
-192280
223250
296803
474745
-380393
-124913
410735
-480040
108354
451837
69732
307012
454800
216394
-441379
42003
-26835
327435
63453
133623
113907
135200
-482582
337100
-318785
-126633
-493405
476867
166905
271600
-10161
-113262
55449
-92483
473703
-229196
144157
-354736
-99867
229981
352052
166833
483629
66222
474203
383604
-126102
20990
55195
-83352
-31680
-70380
221954
-135657
-21269
410946
-313409
-112915
4946
396234
-427309
40590
-2821
253057
17654
-165738
-21506
210157
235453
-440711
-261973
-192078
230962
256826
265203
159354
331701
-187505
-54742
-409325
429852
428571
406475
405014
411291
110006
-492078
54870
107288
306673
-298762
405342
-170964
357905
-213243
129250
229929
-298210
-362112
179823
312903
342367
32665
343689
246290
61863
-460540
383615
455790
-274129
-302494
142541
166481
238087
-115460
437056
29347
186309
115822
-212086
17426
-348823
-470386
419238
-492396
-59533
381281
89012
151422
-251851
304585
411653
-163214
-136681
-135049
188993
-103394
153059
-484179
-277125
351106
389620
-184917
2111
-90736
-423387
-33406
-297210
-323434
112086
-132333
261478
165235
42387
-368890
-486142
87417
40494
208681
134898
356646
-262868
102369
351499
399753
356015
204743
395708
-311735
413733
66875
394649
-136620
226752
427805
247922
-134450
11717
19590
-227783
-267282
127954
333684
-172661
-331783
-253193
420762
-234298
305336
327925
-372368
297618
283914
322498
-93126
439131
-16611
408769
-431703
340157
-145793
-212437
104922
259428
-384033
-80067
-66003
-113075
433954
431323
276757
-417739
161397
333183
-18526
-212313
101507
133150
69048
-487370
376407
458663
-293385
290820
-162827
-324419
-90543
-139545
-202358
109499
111944
113070
-498532
-204514
-402421
468547
360841
273651
321764
274729
-2591
414813
141154
229147
-484280
391339
-469417
-351509
61877
-260257
-225039
-142366
-234666
256459
-260126
-20131
-386135
-76836
-329440
-465642
-468858
331995
-25763
177424
-132482
107506
-307273
102184
-65000
-13660
-283389
96983
-25229
367575
156975
432442
-428788
320682
476457
77097
-457734
-95362
374742
74464
238481
89780
-104205
111086
368600
-302420
-72197
-287986
-475298
174048
-269769
322548
-458448
-362686
263514
157731
-119354
352254
-221051
147464
337067
-450592
152805
73316
405301
284483
76414
153502
488050
487611
64181
450159
-63704
258249
103179
100066
-94277
-422276
-89836
-340408
209847
376431
-263422
-276419
448257
328120
-397720
-332421
223333
260895
432448
488472
-209739
209493
-279543
384741
-494071
99808
-431721
292606
377494
-271917
-323693
-191922
437959
-345213
-58832
-142214
-281517
-187941
25378
-356060
263870
-397875
-122928
-414707
-64069
-424873
-3116
278942
-183325
-25524
362934
111065
-190693
439629
339613
-55602
-394754
356618
-345209
265816
188399
-89916
441310
29992
-415800
-190465
472217
-463673
-212967
-108655
6027
-373479
134665
14285
484267
361133
-428778
-363385
-346628
-201770
258649
-425638
197932
405809
-326206
-84993
197643
70405
85073
-468541
480974
-354205
32744
-498546
42834
-434560
-28465
-71825
-263643
-90863
-322769
15985
488787
192245
348042
225126
-61937
250649
215158
103143
-410770
473566
-491279
-383497
323136
-197055
223443
140404
-499361
-58062
-177158
-369557
456540
-424005
409219
218108
-137140
-38802
206833
-409000
39737
361202
-488877
-158891
422894
408437
112660
75358
-480752
-344618
-431854
366119
-182266
275802
-179325
358859
244201
-481977
358025
211844
-40670
394988
-157539
429504
23993
-124291
291540
346764
469318
-447379
-226883
322511
216038
-186908
-322222
-242705
-234577
-328810
-55229
496876
301243
54435
-303872
465759
469414
-336527
-155185
-420848
-441681
-95497
-260818
-222169
156643
-346235
-471089
-446837
165339
-82137
-11310
-135823
184291
-356811
1098
-361097
457676
288384
-40377
356387
-340774
-95484
417431
-331299
-453715
307039
-494414
-140254
-478443
-131265
222518
490640
-356057
244907
7475
-25889
246403
-120736
-390559
-58617
459026
481543
97916
354381
404890
-420434
37223
-11531
-452189
190114
-417982
478683
-67145
165594
-190992
-105023
-344695
-353449
-258178
274657
-462114
56072
300632
160591
-196998
464133
436711
293355
46602
-297981
196578
213637
-318326
261270
387241
-334213
245621
5945
-10520
337733
-439529
-273736
449569
36484
-39119
-227914
-136366
-227622
330493
307894
-100954
291644
-229143
126179
-256492
202748
-448880
-330622
-140181
171493
-259305
197737
-474382
497675
444044
475647
487939
428113
411359
346677
-13531
80814
407082
304622
12214
-400753
-223010
-68138
-167259
-91850
409854
-402336
-103616
480550
-178695
83548
232091
-212733
352937
-412944
-139298
-422450
211226
-166919
-435032
-306347
-492251
-143040
230029
-58496
-432455
-41690
-313012
401116
-300491
-274642
-95008
-461461
326094
-38383
19181
-356708
-361125
-220981
334837
241795
-125541
-47998
181459
-414953
-381799
-372686
492571
289232
232307
-477168
334970
242504
385288
138386
218994
-495029
-370061
-235962
337426
-200882
105160
263937
475869
204324
476648
-474135
233163
497971
470473
233225
-216628
106023
273587
119747
-273936
-309540
-405647
76824
397838
470206
404197
-120933
63454
438146
11095
-97041
-87069
66220
-363613
359425
-120780
-291032
432469
10056
29555
-337540
224033
-483301
-238437
447203
47659
274707
384224
-425742
-396184
-475677
317777
492260
-317811
299888
-284993
-460714
-455510
-33308
312122
75716
97922
103010
172167
394331
-269945
-354359
422832
331702
228191
-85222
10502
-397121
-413444
315804
190404
28539
8321
-336189
27185
-280457
-313860
87611
126617
474673
42938
-78259
-434630
-86917
151100
-453015
471321
475992
373746
247151
-113495
45728
443090
-234360
-454320
484278
156761
-62538
-458616
6981
-395868
-267995
90713
-242317
66144
-273605
-128517
-54753
72642
100067
-353044
-373277
-494965
-368803
354538
54172
-174911
-97311
474057
7340
-493549
-230046
-169232
33395
456201
-473014
-158423
82728
328051
88472
306923
-37884
424223
-447336
-194886
374403
119516
341665
-139296
209712
163993
28190
228904
315641
-119927
1484
56915
-249616
423081
-150356
216932
-40195
90419
51546
-84018
466911
-253073
-242682
359602
-70661
-7156
-297035
-63154
-227586
45977
382617
-301944
437065
149912
381487
-47651
-201248
-457665
426866
402331
497168
229786
-86411
174020
92546
309921
-358408
-170383
-499116
-259519
490934
-48364
-221548
-352037
95847
144442
238766
9963
-366763
237080
409444
279338
-468791
312534
-166917
-334921
489086
330707
-268898
-258211
-365929
-314261
-294334
148110
314722
-377548
449561
331
34731
-367310
377100
-315670
-117386
21704
213224
-384260
318603
-76318
209400
-286624
-15728
432491
-493204
466633
-38960
453962
-35780
397146
-283557
192134
-226043
-206891
222748
330296
26658
-208644
-86622
-118684
46475
463729
113579
-161368
170351
274123
126938
-487744
81213
-240363
-446473
-78951
363969
45454
486284
-66461
-298320
-165693
497527
50985
-142290
235891
242645
41461
150134
50564
-205233
-357811
-149450
-121236
-70378
-138852
-415611
-426894
-446227
-162908
170181
481279
361231
-228955
317353
-459528
-59544
296201
-183251
17125
325772
-326332
429591
262222
-1107
-108364
-225758
-90552
364702
11533
-229109
-176801
451924
-275980
164711
-121709
216144
-158696
170265
407628
-206830
497835
72794
-472330
61741
45005
-316628
22376
258903
-162853
61642
50361
-356423
-408197
-479216
151592
-15893
360771
328644
92240
-291011
-202479
196063
390008
-397944
-71557
35646
-263587
210240
-388251
484044
-212799
266912
-257198
-378679
443181
328589
352177
-461510
196758
-417409
316459
360137
-87207
-274744
485437
194285
-156381
395839
449273
14617
467928
-38319
-266537
-102144
471106
215921
87514
-216918
-65821
-208360
31207
172242
-67422
495194
452082
-114628
416761
213159
-222672
167444
261656
-107101
464106
242110
-128157
-267928
281569
95497
232013
62833
-112193
-474018
308786
57773
256564
-429248
222705
382070
93282
-444071
336894
332017
-298672
-426758
21787
385957
310551
-282556
268277
380158
-238250
490165
232698
-196067
-202531
-188758
45630
-395636
188507
-409421
-56109
-203447
479819
477172
426658
310183
324650
-239184
186068
326092
-86921
264796
-98537
75976
-403491
154879
-308463
-494597
491839
-48733
407722
-235019
20802
118486
-227923
104619
-79280
354133
-154944
-117166
-276623
-355340
314798
-228928
276505
-345284
415907
-341441
125874
220060
450408
-129657
-172201
-207348
372710
33565
-295719
-292406
193855
156057
-246387
22384
-302472
-491322
-494012
284422
-141830
-195682
357425
-350523
-280279
-390177
-471280
300526
-472963
-116926
-303561
-278263
-83650
-436266
398636
363557
306811
-174014
458007
-254088
322093
-208879
-36128
130172
-233265
345320
156612
-379505
-90759
205343
-441955
-310882
-315737
-498227
435767
122845
-475352
-176264
450649
-392629
475384
413510
353395
-416914
83711
198101
-165392
249302
-3606
192893
395857
177200
-228900
-232487
391377
-232089
384970
457429
82385
-34348
-466117
-305827
485242
-499892
215110
-57639
-471642
475185
496806
-355698
91111
-131838
-192903
234683
-376673
-397469
90089
-41259
-294768
-103092
183291
-383030
265780
31981
-418820
-99862
61324
97944
150581
-330039
294948
-392037
-404635
411747
-27573
35017
8831
143173
251146
-39902
103379
-369743
-110671
38717
287586
322200
-276083
383587
-471335
-255278
-29266
-445424
104958
-59003
187099
-205654
-259163
213887
-328892
-211964
407984
-420011
-122532
25706
353665
-35583
-98108
273241
12011
-180098
134530
-405633
305460
8784
-89090
-198619
-455980
-443235
-214722
445818
457679
-65123
391671
417897
-402253
166243
25919
-44432
254115
175360
352669
219444
421810
326487
-70770
244004
-244646
341538
-339300
347475
-427604
-27968
265058
-423327
-362268
251470
-343347
257993
143261
-496257
477208
488247
-486340
340634
-452981
-314044
430122
-372584
330744
-49267
-258464
-216162
-53682
-332031
408106
-462817
-181040
-21226
-204883
410919
-447891
-213120
285765
222679
329538
-267440
-494607
-259256
-73463
-479532
-29351
17567
-397775
-385911
-314024
171724
-166821
-175852
356379
481988
189632
-292900
-371314
-354112
11929
202253
39499
-306787
-80416
266306
133560
-113926
-468153
247661
-251280
-403072
-448009
-360431
-468297
-178445
-212752
-150178
-251001
-335501
155754
256079
-483601
303500
212988
-469146
-444684
231108
216463
180257
-32258
239382
221443
-44628
-236908
-164251
356724
313475
-403156
110973
-366661
203131
-119865
-4046
26848
387448
274300
158813
427102
48071
100584
277425
6210
390745
211726
-284474
26774
439350
304128
402893
-104386
-317471
-95185
-201166
287244
-324416
-220156
195970
-490030
314977
210141
-490453
-81848
362355
-99030
463109
210748
-209959
-453943
-479860
149567
52353
-185959
-134787
294466
-165355
-117130
-12680
-449432
489805
399441
95041
9548
-60439
-282376
-333632
198000
-172836
367835
-60755
249268
-460188
153402
45557
242714
954
369509
335234
367214
-235691
-348860
-346363
-310967
-138962
-157364
-421244
-88538
-328702
214238
60049
320659
293511
-128139
-323009
328970
-25957
-251659
281813
23235
-102347
-494534
-340235
-171044
451041
-335029
-214763
-358781
456681
384003
-239567
142686
2675
-153608
-449450
452116
-294767
11841
469176
-67102
188113
-394252
496163
161407
491859
-2301
-238729
-133822
-342033
-18976
226919
307851
63916
265324
-461129
48624
480105
70797
-68316
-247818
311706
215192
-358033
198471
109717
-182358
-282148
281373
-26904
-465534
-403612
419151
84974
416765
-68545
191303
419070
186805
239751
-193026
150983
-485430
-337014
233544
-294240
-149331
-346436
364918
-408317
-107486
55770
247324
-309427
123113
162121
218415
-45026
333138
189790
256207
-295972
-46895
-468462
282558
210865
-272581
365812
-216142
376801
-381559
-287077
197208
-97001
-262832
194527
-324310
295094
230270
413296
376459
351834
-47868
112117
61398
-347579
-478801
-336618
-422988
-42610
-495212
285193
-309721
379081
119597
165905
-41694
205118
402122
-62782
70753
-72077
126299
-283686
-154448
-351637
255125
-29833
-134027
125000
495205
203185
-412027
-215027
460104
139913
-186157
-332560
313933
285319
17418
-427144
19988
-310125
204719
-431896
-444170
36972
100570
145930
177267
-483881
98136
-310684
-91967
464237
-431309
327188
59453
-5919
448025
107731
307090
-239603
158265
167798
-468607
-118255
175357
-316013
-407836
499036
217504
396356
-153740
-311181
55868
-267115
-243879
-195650
-496261
370408
167169
-222871
84951
381782
104072
79663
-43026
208197
67149
-465595
-257882
-283467
-27770
-480303
-286397
238734
-140429
-333897
393262
491384
-486316
373069
-262095
257769
415042
195758
101955
-365468
1550
-331781
139008
191913
-425707
-388166
472276
-166324
-195187
-92662
-189778
146897
480763
24232
78097
-88409
-351644
76858
118004
444415
52800
-273116
250126
103707
-346671
-198562
-404228
409803
248323
-326130
385239
-23369
-178686
417905
-114803
-489315
-448410
42479
34311
269655
-465324
-167489
449635
444978
98451
452872
375160
64664
-421779
116733
108951
-247699
-412160
-184902
-373750
-453050
-336598
-380394
-168738
124438
483994
-300658
-373755
-425176
-332699
-330831
445647
-28882
-344836
-474665
85901
-412012
-172940
108439
345500
-286337
6506
368329
-382957
-45299
214334
437459
-288988
-30419
-288056
325686
-410652
341013
398986
-230862
291568
-307277
230833
-271326
441607
157445
158689
220912
-152308
472688
390342
345648
-301200
404423
325915
341119
-237784
-469929
-398386
-484305
-210269
-461301
66266
-122618
384104
296669
179025
43992
-329213
83096
478235
424620
-457393
-19520
235835
-333288
-105131
-92736
124864
-130764
-288859
-330384
-131280
56409
-81019
63900
491784
-494507
409414
388764
-168625
368785
-212286
211302
-443844
333608
-97141
-342472
-56567
-200542
-372539
-194599
-289432
20437
-387824
-284876
324965
-270570
-207155
-296353
291323
-293992
443038
458418
58479
-180323
-169733
-383644
-124378
-145190
-259481
-245392
-293753
281730
-232996
-368822
188642
-259020
-390887
-253882
364198
-420183
396347
281309
-130128
-75456
104149
-361818
-33078
-71729
-210965
356682
-108717
-345752
-411295
-314991
192811
-217869
-215081
366006
-493290
-229552
-230494
-461871
394826
44406
-205488
-409210
-31359
-238895
57286
183282
461047
30788
-176938
-457931
262919
420032
-403843
-439250
489872
392366
145441
104676
-70090
402705
-45406
-443910
173824
-417897
214014
-431428
-424558
43662
-431072
483137
311954
367403
498174
245387
-393793
-121144
-2472
-484874
-424939
-458185
247037
342631
312747
254103
220958
-222096
387918
355010
87480
471863
367324
70536
73074
-412617
306833
452925
262301
-153780
300385
-46940
-357166
-298861
10795
286968
128325
233029
216443
-150918
-343138
-435614
322956
-112979
-245248
-345121
241511
-439289
450208
208086
-331143
87150
410413
-114136
-316200
-413829
-217183
-19861
488850
-17540
493644
-129321
151878
-348935
-358681
-100107
-206902
156493
72915
131145
478443
-377073
-454710
-76126
57729
191996
-15692
-107559
-249413
-374966
-181644
-424646
134796
-409674
-172847
78246
-255955
-127611
367054
477703
423787
83388
-121019
-479415
221847
205266
142164
-77236
-409919
99025
353501
487067
-168901
159841
-469846
259230
-421918
325837
323166
-328916
-424666
-362288
-88441
470084
-399151
49875
399856
178720
326642
64100
-20488
214148
362977
258916
-275522
195760
-7577
392431
386683
-263926
126161
-44072
-29929
315976
17006
-279322
-18234
428936
-201354
-68332
-185219
218914
434085
116301
407663
-47217
-315386
-344405
-178171
-186122
-165880
153426
469354
425254
11267
170080
332668
480557
-17848
239933
280945
432013
376597
-224513
346185
-260326
388703
294471
296890
-103108
-175324
247821
162804
-243250
-467677
-332925
66293
199199
-267045
-325034
-498233
468287
339976
283772
302167
247315
-267646
-157389
453352
458775
-343309
282625
-387472
-407966
379140
-53110
-217440
-418401
-176049
374147
-446825
232814
395998
-162016
-83274
353255
-234950
147835
-457577
466261
-87617
427493
-492413
286576
448303
-113000
253813
81673
-87431
39265
-312468
138809
429163
459715
253607
-284029
-169326
4254
487464
221459
192274
-247048
-77761
-96118
85312
-156672
43889
350414
-184000
-273650
-3528
-10869
-227262
-196416
-385677
-144159
18609
193732
30899
-264473
438690
-333588
99562
-36917
352530
121142
491300
-54892
474296
32104
-155339
-302061
406770
-135792
-123344
-384782
441730
430099
-357095
275321
299479
-24373
66195
-89493
-490136
301868
-223067
13091
22468
53550
354405
295938
-384272
-379064
-305600
373217
-444370
-66259
-164187
302698
485837
-55821
13487
268763
183611
142551
-32759
-14011
-146023
474207
-8685
-146507
-493774
172590
-227665
-308522
110738
-365763
-38985
441904
110975
473544
393083
-48868
41892
123160
-254329
-420438
224981
-14617
-302266
-179843
173481
-160437
71249
-187860
490362
411015
-300633
376863
152437
-102699
109759
139879
131408
-327968
124921
-213676
-423133
-259100
483606
-3253
-425824
112680
-133188
-224955
-37968
349159
-306511
352837
350711
23254
-379497
439913
468741
-437282
-446632
-178663
-205684
-73070
-251
-265085
76715
-408246
264559
391224
-278957
-475726
141959
95470
184303
-347507
348399
203908
384384
248129
-140346
-111741
-204146
484012
453538
469257
77302
-277637
-183392
-132102
137204
-305094
-241742
-390027
42127
-435966
259270
453255
-162696
150154
-137735
-178544
183344
373754
-365192
201768
147234
451819
-114429
111799
-49898
223384
83760
-428803
368401
-132763
364518
-373705
38522
129241
220150
-74413
164546
179230
-453814
-67880
-209528
-226866
433102
-91782
-461003
384764
222941
-457340
401787
-412324
-456923
-52761
-107141
67719
-266822
-468342
224487
43043
-479966
93433
257634
-451277
-151086
-163502
-238845
-189106
8133
-401456
151221
-364807
33345
-23411
318421
-37678
-226085
-104407
208415
-102626
-88032
318322
197510
152670
-207264
-190212
191547
-315096
-14983
468640
-328865
-111699
386440
-402984
-394809
-30539
-129649
53212
431422
-445029
37852
-350917
376052
-201733
-482345
8324
-158084
364179
352751
-19633
-8168
-350539
-213707
349590
-227799
-405484
-104939
287495
-391865
-388718
-430533
-491633
82612
-365865
468561
-110302
-118733
-254887
-75886
-133788
207116
472820
318131
196588
485447
388540
24773
-246589
367509
-488310
271116
406916
309125
450468
-235633
166635
174858
-410074
371653
-263836
-19288
-490428
-470203
-454282
386723
-294136
-247996
318385
-165419
-456926
120775
-406159
97729
499894
113887
183851
97958
-413677
-186965
422262
-444153
-435287
56055
241086
292325
-46283
143950
-162973
-230714
384838
-203711
-365988
286807
-214394
-437010
-492383
133500
422060
-389078
-473647
-48969
404754
310661
162922
171833
249273
-388400
-312104
98735
244105
491054
94081
55406
-67838
271534
-263371
59583
495213
-371438
447357
281771
-142472
441798
-248967
33781
-96275
371785
111173
-274166
-448263
-249137
336135
-183364
274156
-375355
-409393
-52488
-113560
330069
-101768
-127732
-9631
466729
56281
342837
-344993
222112
-331207
4806
-319702
-195804
-357335
-170160
207821
-123817
-217735
267444
-47128
310480
-220034
248144
-192061
-213496
-250800
181521
51545
-299157
-343504
390072
-448600
484150
172885
-35035
42607
285970
260361
-379543
253408
-309584
-122145
-415499
208643
-281043
-303623
-417994
155497
-35288
-439011
-367241
2888
-18089
-284899
-26115
430262
325737
138240
334985
461343
143459
275595
-288980
218771
262296
-313165
-103742
-341920
-223021
498539
-118417
-489366
-272242
-75150
283109
-226480
-385728
-37994
432230
-476219
-327796
-133319
-280335
-268250
190890
-1311
-391358
-225947
-60023
278371
352718
-76036
5956
372234
-315203
425160
-268351
414497
-327620
251136
182122
44589
69134
316420
486816
91077
-256340
123479
-33396
-177057
377138
141588
106060
209860
-400418
-72263
-176570
138921
-240881
326226
-245487
-333880
-154568
450221
-218963
454950
149996
133366
454433
-381780
433044
-288973
12824
-395785
363482
200221
376725
316649
-143019
14858
387711
498432
377536
-156824
-495103
-52025
-465875
252085
-449442
-127897
211048
20235
99081
-403037
-50008
-360934
-58356
-299585
260408
280960
301731
451216
418815
-437098
233047
-300318
-495529
-113761
433267
41863
241775
-26590
-484025
464720
-288564
447197
-265506
-332756
475855
-337133
-2031
32769
-492595
6737
-224350
446922
102590
-436925
-100320
-489372
101637
-280005
356182
378498
-189591
-86394
-15056
34720
-498266
-430457
156494
-79114
-46898
433537
-226668
-73234
-446949
-64118
-148173
50830
425044
51273
-18362
-437211
342769
-334992
-205671
-105164
103688
-461531
-385384
-197950
428289
-63583
201589
116237
454486
-363727
442631
-349813
98824
-19439
272869
-469972
385069
343527
-395773
238851
16106
-412130
393832
-39465
145867
263236
30249
412231
55364
-95940
217152
485521
-25873
172469
11486
484069
194113
125853
233
-172584
-314967
101351
56582
-238232
117982
284985
33469
53292
11935
-165318
213667
49214
123317
-381421
30205
106686
-121907
-154273
50279
-439456
243571
249737
281105
-459436
-216504
-359863
-237976
19279
-464977
411989
-277201
401080
-313261
4226
-415644
303242
62498
477555
412870
130618
200839
309955
-312684
17932
-52393
-400940
-149901
1864
386137
-317577
32876
190755
204130
-265399
342924
23546
-439400
370152
-469366
-228825
-471598
435547
316298
-99764
255467
-47488
195884
443836
-215418
333395
-210480
-7436
-251038
-295049
249446
128921
491289
450554
332898
-455740
110920
209089
198881
365933
-50284
270574
-115663
-464745
417704
419053
-278747
118416
390899
8272
-212444
35899
489283
-422214
-268988
389859
219825
257724
-100295
102196
-224597
288006
465665
-492356
212913
381429
-169266
295161
-33840
276799
-112495
-423180
-87536
-407255
-405611
-38448
-499734
262079
51614
272050
-163768
-382084
22793
-304728
329476
-188429
-437808
200901
54130
399883
182523
242726
394115
103422
-362520
-106694
-490438
-80365
-496753
-100312
100242
-490314
243040
-88180
-307552
166334
254118
294319
-60903
-318495
220984
321111
177369
-18744
-116214
-304896
-280905
426016
-487308
151406
281488
146410
-471853
-401433
328413
479814
-348099
-229024
-425035
393647
-82373
328910
-177251
-470585
450599
94885
445067
-370379
-86335
440212
-235619
331660
-418480
-123666
-133517
474960
73569
-76721
-385257
-379263
-392606
424524
104272
-371192
470156
-313928
-131804
-119189
311207
308366
320153
-61293
-488075
-80516
170961
136449
-163126
180191
-149382
-192215
-26366
39825
83087
-313854
-394395
-23893
141191
218033
-334951
274279
-54888
235517
-282971
-62777
-334464
292944
-497804
-213503
-42235
-242681
364153
-370598
-424272
-45452
-401049
-345993
332710
-171675
-237302
245178
-106646
-334498
341172
-321291
321894
-23071
385655
403429
255792
156483
-191955
328606
329972
-268063
-115594
92034
192371
-71733
-39644
-137822
3615
-438338
139713
50289
77482
-356026
55152
160657
-461779
-364157
261386
-211871
451747
-260004
-207784
164081
29466
157202
-72483
380835
-81299
-482986
-332184
222632
145911
103198
-48418
141999
-304497
467033
178278
375455
-101971
-134141
-63622
86967
335091
264209
226856
188492
219927
-280309
-230917
425303
-194011
383918
-18478
-322647
-407500
-29572
294651
-25733
350469
272731
329576
293044
68748
17789
460197
-203623
233230
137910
-479020
-297823
-448314
-405689
46356
390859
410018
5032
-275521
-435162
397087
209079
145215
170803
-409053
-46639
188100
248441
-315441
-226861
99323
322263
102477
484672
300455
316615
-438950
371292
-484532
-299898
-498680
407884
130450
65310
-71685
-92855
418098
183580
-158690
53735
382114
273616
485991
-125928
301837
-365939
177586
-494199
-211753
275431
109900
-479998
275323
-73423
465336
64769
-409609
-94890
-202594
-288732
485636
-353674
179715
482245
458323
377721
329893
131962
-439338
-304293
300745
195193
9060
166906
483726
-349468
22483
-311970
87742
-79842
-142960
480226
-360271
-450594
-461611
-427917
-24068
-133059
10053
314917
-199489
201504
-237480
78370
-54691
221391
364724
402054
-427240
157812
444442
377161
-394032
-423611
112090
-84827
339629
-277033
-446106
-304676
-313228
-296915
82885
-183156
185982
339356
-462852
493395
410987
-332263
-440251
-389583
351749
218879
-6550
-161892
193662
115166
245846
194403
-495530
-366374
-287313
154479
239357
479752
-437420
44974
-212243
362717
-82885
306572
494015
-350268
249819
-310599
-429270
-76795
-199740
-115295
92770
59331
338216
-460802
-258117
-345988
-202717
75625
389230
-460791
-276499
290630
-275611
-374382
450380
-301794
141567
-28374
456816
87098
-176625
468209
-245995
-261673
-408539
-255715
145372
365241
-151713
-1554
-329559
-471882
-50223
-243910
-294581
105788
-379107
-445665
-11566
-283854
-1288
-81138
-451425
-307827
-469010
422930
-98726
-332403
-398823
-240409
-216573
-146808
66165
-310101
17028
408501
456861
-355976
444156
82892
257196
490102
274168
-446090
-290252
44415
-2715
-17872
-45478
412932
-302269
325464
-205648
224536
-384445
355340
80263
336074
13696
-64830
475266
-12710
-307727
455061
-350667
-185880
199326
-41722
6468
-97262
-366727
266951
-483176
111241
3688
332171
-286854
-404755
193734
-361629
-26179
-499876
-216077
296819
349613
279983
343643
-201819
263925
-458394
484245
-19946
-57136
344764
-191367
-236116
-208238
245539
-494230
-327246
-475885
274892
-260139
-259517
495567
310424
-285247
408527
280653
43175
98875
499985
450913
-489826
13849
-220005
-330211
148278
-223678
-174476
-398766
219947
-459708
-311870
-234218
-69976
-224382
-6617
117912
435753
-250279
451838
-85651
-184036
336099
-377771
-255967
1734
301563
12592
105069
371494
283614
-61303
454579
-403278
-481165
-240995
-456284
-139559
37101
-296093
463082
390742
-444106
448592
-153161
-68591
-236547
204375
474116
-454919
-160547
390902
115555
-34327
305659
205638
392032
-416243
442754
-80504
-142410
459025
315977
436312
181127
-328999
354959
-460041
-298374
6427
473365
-483429
450698
-461462
-22
489643
474734
-389148
-253182
127676
271274
384075
-359680
-248969
-45220
428612
-449476
-18895
478299
60242
190619
-199989
458104
394405
-330111
448936
-82307
-192597
382178
-65106
143472
173854
235146
-238157
-282357
302476
-243352
-281323
53880
177024
-196879
34277
57559
-200299
-267831
63753
192877
385638
224707
238762
4796
93078
391055
421916
309604
-78309
203084
160115
-252691
376224
8379
-12844
-306344
69249
441335
-419501
66238
56027
128667
192338
-137006
-412096
96839
207566
-98898
-325662
428535
-20096
28123
-207309
-5584
-208100
-105751
-332588
255553
53683
-440030
84213
-404435
-202099
-118871
336777
349520
-264059
-194999
438442
-280151
199650
196620
-482427
-155428
463014
381220
391089
-448783
19576
-441226
-497932
-121767
137702
374583
-67555
-43886
22459
199075
174493
65931
-184237
-106087
-334528
302746
-463249
-489781
-155336
439011
238587
174284
-72150
-59473
382522
2357
81403
-140853
-400724
-306334
330785
210660
-12888
-412316
-5694
-450984
273516
23234
65657
-478758
-90610
-377992
496354
258661
-465545
-107707
368614
492595
-37045
335541
120506
-356539
-102422
445088
304218
-473883
-29169
-148893
417441
487126
-122148
-337702
-281921
94697
-478795
293865
-285470
99474
-44238
-246516
-275668
114467
364815
213916
284240
-112629
-127141
-22571
288698
-458107
-41073
-123271
-134311
80924
-373881
195823
176164
315092
-72492
-44471
479878
-72697
-110393
-11386
-228112
-189934
-339942
-6938
-402122
-123080
-57594
270388
217340
-457333
79089
-63633
-23129
351480
-220922
441424
315962
130300
47861
88355
-56604
-35935
186724
395938
-284620
187124
-274878
385572
-354445
385007
133100
-216668
138591
-58420
-83896
-113386
179974
169731
-183599
197025
-347543
-69243
74354
203007
-101378
163690
-345272
477747
106871
-134637
-220720
355855
294585
46323
-433649
-46721
-407756
-457270
291191
436230
321353
-5910
368225
256855
226911
331737
-275803
413501
55629
-471532
-375972
-101318
-416018
464601
264459
-291756
271647
-307336
19831
-18013
-400163
392758
-151540
-357040
-390110
-8873
94662
-204087
-281495
-31735
-167238
361183
-459372
220679
454026
212771
-102142
222542
320756
246610
213691
253037
-324288
110123
305097
-478597
-175771
-322896
483831
-212417
-449176
-24260
-431404
-170615
475324
-209863
-346416
-462375
-11802
-148019
-490229
-448601
-496874
-455581
433542
155776
240366
316482
145048
414895
274865
-389831
-3836
-482605
41479
289804
49387
31026
32174
-66474
-333834
410028
-258137
-397210
103694
-340082
67507
472100
-314254
302334
366645
-281158
449794
-233247
-416415
143623
-492066
-192316
-98220
143413
-284844
-41168
92471
-251153
287209
-246234
399695
148552
-318982
-386651
-111121
33692
378517
-266107
289161
-64787
51065
71186
278258
-393620
-132537
-392212
74416
-134765
-171157
357287
195608
-16729
271401
-404646
491753
-203794
-294610
74409
-9443
-371318
-85637
377158
157367
-157382
-292171
-347380
-38245
114110
384290
-398870
465536
167957
-360072
-211900
11336
-201797
-275442
-289363
-184444
31071
372456
-476924
-228333
-431537
382737
-117508
369889
-377622
383933
203161
271539
41966
121266
205439
191460
30781
53965
-367852
-182540
-156471
112016
-375136
378100
366896
-253374
-441751
-479439
-436738
285138
334410
-341877
-342017
-458358
-330557
-260947
489590
192084
-281105
-49481
-189028
-299897
451049
-207630
-432890
21776
-387114
321393
459356
-394201
-481056
138242
471647
316238
-345266
-428979
222355
-143564
-176153
75576
-481354
-43492
216202
117530
102373
-453347
208231
403009
124592
-433582
-313793
-219339
460070
-447108
-453739
190477
-408725
321539
-435873
260601
-297044
35730
193307
13563
233659
347328
-411411
286173
-37153
191466
479157
-332137
208201
-388379
331174
-34166
-221081
-276299
-125951
339299
88825
47520
236983
338319
386222
401211
-175286
478668
356727
-42860
84045
-450789
-437318
-474283
496676
4194
-260491
466922
-382774
-237991
202134
-227029
448979
-364995
-297666
272379
-107888
305353
-212502
-77453
119072
117176
-117162
222465
-101706
367662
239455
-348511
-93069
-110762
382211
-390096
-389233
386271
-333698
-320826
54840
-406998
497768
10634
-92920
289681
-370638
144990
-373155
58644
-41893
-433673
-260906
494618
488618
146645
-51072
186119
395256
417435
-5443
88138
-144796
-474242
-45796
476781
-449242
-412982
-109026
100986
-100058
-119068
-59573
157364
-238853
398926
-375596
-284307
417272
-406749
-377201
131186
-35545
-94316
-51762
-141430
455822
-457485
-121157
-122949
-181766
-485384
-178543
-19791
394813
247766
-236731
-21822
103773
225360
348728
-84786
84801
-14108
-127924
-120340
39365
70418
313371
-390204
113342
449813
258236
174880
355747
213152
-319276
300
381391
-112639
477782
-229
435208
317968
219582
81854
-306382
-393803
-468423
-124847
-206759
-111929
-400147
496442
452902
395065
-35517
449817
231962
98853
-455592
420509
97166
220380
-286852
-462121
188938
82377
418144
442612
434977
-186025
208836
16540
396647
-410312
447894
-418320
447731
244186
-454187
217448
462770
316282
244652
322058
-410329
-323245
-84739
194172
296186
-299527
498337
-333443
39089
382927
352288
-71687
-1662
-355159
-490587
-177837
109153
-4385
-27760
63557
-405455
52710
298832
-56706
-401301
-329894
-96195
-161614
-71016
-204713
-228121
-427027
158416
-118369
143823
-150162
-124456
308566
5693
-172289
-212478
-497547
-208343
-283363
-478184
-121202
-81372
-390029
-29696
115308
-218177
-377205
335954
-162332
-309411
-382067
-241230
117277
-274646
114544
-246356
-341400
306294
36093
215244
473323
117539
-246026
421992
436668
482608
382701
159440
-416643
-53452
381719
284300
-360822
-446371
353213
-236896
235221
-261522
-489618
64764
86391
398797
30760
310121
61193
-71297
-368244
228487
-81890
-382312
-64633
184051
-265089
436147
-78795
-299848
-470481
-478677
-121382
-165420
132895
261661
-290455
-450765
342973
75633
387924
-175546
103432
-424528
393325
-222510
-197827
-382147
-285546
-33432
-227230
-23131
-204679
354545
405323
27335
-363639
-49242
138265
-32796
402231
135825
-212869
-354068
252399
95688
-174221
208250
380410
-208870
-494759
-352293
249172
-419186
32320
248533
-89056
-387728
267017
-353147
27716
267434
-178602
335127
-403818
-435685
195117
-22642
-158942
-151358
329380
315788
-296131
-202237
361765
401223
91673
260751
-235515
-227597
-286753
-374472
-414080
274985
428997
259671
-351733
440275
437421
137729
-161247
-195636
488932
-415206
-391220
-67988
-15663
-275423
-394760
64541
201224
499397
-53415
254797
-497771
-90718
-233402
-264776
-361056
-236238
-79802
-121386
4052
-476531
-295537
496995
20773
146603
-409672
-196987
66628
-495363
165294
163591
443087
35992
273427
444173
-93061
-99785
220688
394348
-130274
-306490
385455
372469
212991
-486913
312559
-30943
-451025
316931
185134
20123
464571
121123
429840
181649
69031
479988
257965
-202302
379556
-364339
130914
218456
353180
-87160
222413
-312247
291967
-247375
320971
-309022
393426
-418271
41942
-51589
-429080
-195219
-325220
31864
276655
-477706
-180387
470590
-172217
445480
-199188
-10352
204667
-82977
-392783
-154558
40249
154352
-212330
33700
253602
-292359
310829
491817
308715
-160232
421266
386309
76959
266222
475761
-200774
137685
-191160
448211
232855
-437554
-393042
354426
-448500
-20878
-168059
-183372
144421
350491
376948
-257240
347374
122175
481603
11676
-358904
-361395
-370831
304753
388377
-252101
-114932
-371814
234642
-43966
-313300
-2527
-209
-223464
226368
236321
419942
-170813
312377
-37899
-12739
-197957
-167102
-275540
11616
-312768
-245353
-152393
362136
442661
149604
-380316
417747
-23123
112527
159267
276137
-217571
215001
-155752
171669
221556
111470
492690
-145243
-487981
-236502
467351
-277458
237501
-490202
110019
115777
10257
-18292
-336717
-310167
337477
-487468
467547
-144628
109796
303584
-204767
-253353
-478578
-391255
-341905
283236
-377760
-209826
434593
-14894
-402949
-386126
227043
-207568
197575
39477
407241
-476166
476587
113015
295034
-334082
-118883
353639
464989
-493765
24973
-134553
-52199
424785
420039
280993
-473037
305773
336910
-186608
-435546
-5806
-104179
-71155
-160279
66070
-384773
-487379
256028
3207
-116712
128462
174554
-453781
294518
-399962
-358432
368846
-202901
248466
283162
-348931
-353742
-49965
142631
-439173
399333
364505
364484
261512
430147
-147249
-161147
-272894
274089
355541
-498305
-156296
18239
-38361
144915
454404
69707
309711
-14145
-473080
-113532
67700
-188021
45570
-287496
351475
-269792
-141425
-448265
-305952
-157102
-57923
311676
-20113
437457
-99913
-105908
-444798
275176
-112828
-334135
-168733
311897
-433488
-65589
185435
200163
492232
325082
-285286
320425
366291
385646
-371964
-19133
-201427
471459
-249370
-439980
45174
342475
28988
309498
-225923
393635
-236456
255044
-164633
45836
-358164
-383248
-350103
458761
408407
124089
-481532
429690
117240
-365950
276861
1837
-179050
482462
-308284
-461784
-76305
-451199
236694
81849
-448846
449999
-116106
-104785
13928
-214809
-464596
-104302
423780
-251306
390192
218867
130200
341325
-198817
153524
-487536
-134693
-169308
-264426
250528
-98451
12428
462820
53565
-230296
11044
130896
-223104
233525
149717
-30352
299541
207057
-44554
201634
-343648
-185554
397112
-438121
442270
390944
95938
235627
83432
-332846
-57992
-268929
444870
-102161
-482865
-256311
-456319
-174006
-275935
347690
-139823
-183648
-437073
-242919
431159
-200173
-21078
-404398
165357
145639
419802
163130
197388
-398671
145400
494551
-164056
194565
385561
-14856
-234070
8078
43211
-452530
-116063
96485
-494396
-457281
-92213
494051
-191191
-472670
152716
-416649
182200
455926
305884
-332419
-454213
-71752
-137925
-445719
185376
30660
-90755
-414187
-363283
-59957
-218550
-354404
244796
-446600
251098
-277704
52596
396834
-218418
-185126
-214749
434196
386845
-31961
-276183
143330
-210339
-426618
72970
88609
-193169
-32354
366907
72900
-250255
123072
-133970
-233567
22671
446855
148909
451356
65962
180307
362346
-248535
6924
-361438
295089
-270011
-41872
-127462
-374699
426119
432899
7511
242360
-464012
283669
165057
191566
32367
94100
-277329
465390
206649
273519
304665
-379960
-361215
-478867
306137
293467
451187
254617
-118251
-410780
34701
275189
272243
306008
-123169
-413565
256381
-133958
-235667
-236615
-203593
-152296
363190
138497
-47185
-33891
-207002
-52116
-87424
349934
-302364
-242198
119987
-421500
389626
456839
-267842
-243964
-467347
-232614
412305
-140461
467214
424330
-463481
-371048
337955
323244
-78638
-246224
9966
-348585
473973
-36861
368420
321047
86915
301488
-144374
45414
478960
-205849
-402573
357922
408864
-62744
288680
-495983
-41795
405784
302810
-113191
462649
-232334
-478190
-291524
424492
226917
-330835
318353
-140950
-334044
-77293
389319
-295583
-139203
-424713
149011
-347570
-178768
-443311
-481567
-37391
-102551
81954
324660
318661
429625
-217050
-366863
-266411
-393571
-360998
395445
155947
245502
-234990
496077
-137391
-132340
177856
-117425
-293685
381913
34517
-224099
-305770
-49261
82283
-472429
-209569
321830
199802
135175
-213914
282948
146137
181938
-36649
351955
-351519
-113493
