1000
-96887
319216
207381
-42792
-136485
-139446
460725
-195810
-218862
-46032
-183339
474631
87681
115257
-481407
108019
476735
-207495
60845
204634
109063
-227401
402601
131501
-59386
-315182
302741
-354882
477912
194828
-297595
-395364
-121961
-1559
-212300
83025
494911
334795
-416222
-65756
33411
-378485
-322600
-166742
-497882
399712
212674
233419
111362
290530
-179007
-484962
327927
440204
127561
236615
-465454
92818
179869
-20956
-275578
134370
143168
323177
-220213
-418751
-115499
218782
-457171
151923
-372702
-415906
71862
-35381
-436476
-464449
170955
-53766
304621
218314
55631
-56916
230668
21936
-311819
-97623
345159
258025
-70534
-245616
462661
-119752
-359041
271572
-294708
-330937
437858
-56126
-464350
10112
252053
-166785
-490380
460016
-331005
-208085
-72586
245660
338623
-412638
-222842
483384
37565
-408728
-75851
-1947
-261535
138005
-322702
470702
-205580
217395
-495025
141956
-332531
-494245
-479011
-338936
-289154
308600
335768
-352567
262565
-243752
-437521
459278
426166
150415
112431
140837
251941
79799
-139570
-304899
-400816
-75161
-421258
-320741
325410
401151
88079
-384499
489625
472873
34788
147620
-179853
-239478
-155905
165856
290420
-393167
443548
-105517
98418
-366866
334891
4746
-377108
-479350
412665
-62193
-461157
377606
-459049
218976
-94304
44928
-77786
441388
-166604
-28997
19142
-444310
-35401
359025
275336
-433453
-336461
-114250
-419831
-326556
187238
8389
-120483
317125
340700
-281439
273934
-403020
-232575
-84046
-25603
-456896
-62568
309091
404177
232654
-481390
-177757
-394967
80915
-442348
-77760
81053
-460167
-304071
-41337
-22325
190570
4496
64806
309242
279604
-92716
29880
-136036
124942
-367566
-248360
-179827
275457
-411438
-396603
261836
-234209
372192
-166563
-260340
-489603
344504
-151117
-473631
-335347
-249937
219389
-65253
-463143
181852
312494
353273
379862
-29714
-51496
155859
98253
133184
184588
493941
-197213
-160948
424629
-25077
367557
85503
309229
352099
61786
-153596
-412210
-96388
295409
-64591
139785
174977
448857
-232148
-397492
-469373
-124307
286696
423243
312990
212144
-59215
234071
118144
-410231
-394416
200975
-147215
228072
460290
246962
-292020
271824
-44237
-216051
95954
-309902
114841
318232
377728
-316999
-46758
325139
-282285
-33782
76094
-453354
-434817
358676
-29432
-147667
320579
26638
200282
-495013
-145275
-229844
-265279
-160892
-248324
-8741
172829
-18007
393385
-444989
-460950
69602
74467
-445235
417466
-81716
-309461
-448765
280491
-273053
126381
266666
-38752
327039
409408
-338023
186277
-211391
343874
-33967
-202315
-372872
-311333
-136359
-82590
128695
103140
307441
82527
-79154
-162484
359765
275647
-448177
-277026
139555
-380529
380638
-157024
55445
-407811
461931
272826
-480540
485579
-459503
-143051
-357693
445846
-295348
-409113
46113
169286
483353
-351600
396367
-32602
41555
-41446
135321
-436574
195974
220258
-31061
-244967
-427259
-329262
-255284
-215243
-114585
199393
158102
-335024
139956
191002
25794
167278
450344
-14329
91156
-96324
39438
431379
-430607
343556
-406544
28734
-455096
12341
-222817
-160438
-121310
219070
498871
-311265
-243316
58289
195927
-274813
364208
-54506
-151864
-118873
-138674
281039
-196085
-127920
-178464
172620
396681
-362684
-461641
67252
1499
159678
-428648
-493830
241260
245500
232578
172978
-449658
-354525
114543
-201145
-56084
-444954
-155622
-473969
-332673
294296
-406613
103735
271017
-93172
136050
477905
357985
458301
479156
356833
3683
-22241
48567
-239900
-143101
-485979
213426
-255196
54283
-399838
-202599
309271
314058
-491196
368635
476841
162331
354640
-28873
-26424
177891
142959
-94841
-30818
-460593
88694
-163475
-425051
-412633
-57340
372565
-152833
111236
495314
169941
-418573
445192
-198821
356973
248236
-455342
326591
331544
398401
151413
-391691
-343312
-145742
95496
199302
52270
432525
268044
-177479
-113194
-472462
-472346
154635
70343
-242522
-479189
-68099
-183870
120413
197883
204117
467903
414951
-449286
-391827
-340464
104953
378756
-340911
-480337
175054
-217307
327930
-438627
-304624
126722
55392
96774
320963
204245
453747
118210
-8221
182715
-431329
-482670
-159639
410184
43967
394435
330147
-415323
252128
72438
11184
-185366
-25124
365390
-137171
-57308
-171720
26752
201046
37521
126754
174633
-455329
434277
-108891
-428711
-117388
-247189
-346383
315889
-365977
393907
43261
-257430
306809
371264
-332087
-428299
-30944
-399093
81153
-276152
-254182
-434589
-342295
267072
291657
-75868
443898
112736
353622
272871
113596
142128
373719
93807
-241495
-263995
-251316
341652
-401106
134994
258867
-498846
-495527
216788
-178764
54202
-457572
23064
101174
14371
390376
445205
-294129
306489
452263
489141
432972
209549
-84388
-355813
-252561
481185
-221798
-376359
-72658
498822
-248659
48638
70504
386871
431652
454172
-99642
379792
-292967
21280
-9967
-81383
-313573
408684
-65617
-347034
-60947
366665
363163
457530
166863
-243457
213856
16385
383960
-159490
-196242
441850
262670
-411097
-472940
-155409
-176489
-177687
-262715
-346022
-65172
377970
-144582
428161
-12316
259897
115639
-131454
-331823
-114359
-304435
-286604
-240699
-32900
139023
434752
-225656
282501
-125252
-167339
-496982
-292684
-468147
-384348
-425380
95616
-16050
290533
-437939
-191445
414050
-147366
-274840
268307
-326833
-22447
-48199
348394
25498
83470
-138147
-28846
475228
288668
-475421
47070
422349
238065
142256
442102
-112711
438717
-271346
186793
-76266
29648
252250
-252377
195346
-387349
132133
213292
310530
178642
77948
-54514
-462518
48261
-348467
-260238
-341331
-414377
239571
-239877
-31335
307352
-37869
-365737
140488
-111160
-39947
-193045
-27771
73114
-137347
-73659
21270
-253863
-121297
-135376
-238595
-452277
-217562
-45546
-6668
137360
38845
-479551
-72479
-457919
463761
8173
54896
170809
46472
20287
-30062
285600
-352818
420923
52569
-126803
136378
409539
-286172
327299
239438
187335
168139
469701
-6255
-429001
294244
-202822
287543
403461
348338
470269
332100
-382285
-163822
175999
149958
344636
277905
-154745
-413697
-401570
203025
389409
-43244
-46654
126337
-443042
-187522
76744
-445311
474151
380099
220560
337842
5917
-250158
29998
-219258
-359922
-136463
404425
485046
175059
-397226
376478
427810
-490139
424843
386739
-169582
373380
-354805
473974
-208157
343299
-294393
268465
-387713
-150137
108384
-365252
-487739
96914
-221408
1403
-420900
-315077
15946
-194560
-217468
-166505
358150
57640
448722
215869
50366
348263
318491
-205234
461765
420266
376585
-170932
107428
41273
-162407
-434532
235512
-34167
134004
-22783
138218
-453018
-256383
-482288
-397142
-479864
-378833
79893
108896
-416833
426829
-287154
152336
297454
-151045
44953
-420149
-386132
-123273
13020
408589
215424
-373055
-367434
-480455
215891
-341958
241869
251479
-386578
335769
-254404
-423563
-385119
-237365
184501
-240558
-85765
191603
205108
-119297
-38672
-432298
-270205
-422907
-426793
-6922
-329934
412714
377401
-20337
188066
-492374
-22441
-336438
489348
-215597
-42384
-472915
-487976
-497663
-119688
495269
-158372
433807
-119578
-241764
388576
-363079
-50247
379465
43469
-125583
-316674
-362161
94573
-12948
-358153
359491
149349
407604
263263
345260
-18554
-391777
161975
-412008
-454826
94207
407731
-15455
296973
-319622
-45022
417112
-349088
187686
-139856
-141396
-223578
-480724
111374
344967
-401171
467226
179998
-285414
-375181
-388496
-223184
