100
0.353401
0.272636
0.26505
0.416763
0.243186
0.234262
0.22266
0.210166
0.302532
0.295393
0.458707
0.447551
0.438627
0.431042
0.418548
0.406946
0.396237
0.388205
0.378388
0.367679
0.358309
0.3476
0.340014
0.328859
0.31815
0.307887
0.296732
0.463169
0.454691
0.455583
0.435504
0.422564
0.413639
0.57383
0.395345
0.383743
0.374819
0.363663
0.354293
0.345369
0.332875
0.324397
0.313241
0.30521
0.2945
0.46183
0.451121
0.440412
0.430595
0.420332
0.41007
0.405161
0.389544
0.380173
0.370803
0.369018
0.349831
0.339568
0.330197
0.319935
0.311903
0.299409
0.291377
0.45603
0.445767
0.436396
0.427472
0.416763
0.4065
0.397129
0.38642
0.377942
0.367233
0.357863
0.352062
0.341353
0.327074
0.317704
0.307441
0.29807
0.46183
0.464954
0.443982
0.433273
0.424795
0.413639
0.404269
0.396683
0.387313
0.38999
0.36411
0.354739
0.35117
0.333767
0.323951
0.314134
0.304317
0.293608
0.460938
0.449783
