100
523.848
579.572
511.843
561.484
464.729
536.605
512.589
555.963
465.184
537.28
634.646
501.767
550.829
563.713
460.463
534.803
500.16
552.021
559.427
461.171
534.4
502.31
561.953
459.662
535.582
499.775
549.651
666.44
460.646
533.71
499.54
549.922
670.306
461.794
534.167
501.436
550.681
460.106
501.198
504.631
543.848
548.986
460.222
527.827
616.269
610.525
486.743
543.973
618.654
611.577
485.892
544.705
503.325
548.792
572.582
524.641
554.78
471.705
536.653
469.51
534.08
468.494
534.151
464.597
531.403
461.192
528.82
508.213
548.442
574.657
529.936
557.287
474.326
537.989
483.964
542.815
467.322
533.366
465.853
529.634
463.43
528.239
551.459
461.089
528.795
616.677
495.955
544.44
568.2
504.545
547.321
573.161
526.011
555.406
470.721
536.559
468.369
533.643
466.952
531.122
