100
6.0681
9.38438
7.97121
6.62766
9.35449
6.6397
9.38661
6.7227
9.74671
6.79499
9.43659
6.74501
9.4531
6.73921
9.48076
6.74813
9.48523
6.82176
9.51111
6.79231
9.74492
6.80436
9.68245
6.92305
9.62534
6.99712
9.6356
6.882
9.62846
6.92751
9.65791
7.00649
10.23
6.93911
9.71949
6.95027
7.88643
7.07744
8.1207
7.06673
5.98957
8.29695
7.43085
6.04177
8.32149
6.10335
8.40494
6.33092
8.50132
6.11094
8.38976
6.03062
8.43126
6.44917
8.47544
6.09086
8.51694
6.11808
8.56379
6.13816
8.51337
6.06721
8.54237
6.09532
8.56691
6.09621
8.59145
6.11584
8.61957
6.12343
8.71997
6.21312
8.70301
6.32378
8.71416
6.22026
8.7985
6.16002
8.70792
6.17742
8.75789
6.20018
8.7802
6.2091
8.7802
6.26979
8.87703
6.21714
8.87659
6.31486
8.89667
6.29612
8.88194
6.27068
8.98636
6.28541
8.94932
6.35279
8.96628
6.33717
