100
1990.12
2051.61
2208.75
1882.49
2120.91
1860.75
2082.11
2282.28
2103.08
2237.61
1899.93
2175.71
1976.58
2162.47
2233.28
2422.2
2413.16
1893.37
2066.08
1974.03
2124.08
1916.45
2148.15
1959.39
1897.45
2164.31
1980.88
1971.42
2125.71
1895.41
2121.05
1934.1
1991.86
2122.99
1898.23
2142.58
1945.83
1900.91
2122.16
1934.28
1976.14
2117.83
1895.59
2126.32
1940.11
1962.88
2121.22
1923.14
2117.28
1942.98
1904.54
2126.35
1912.01
2086.5
2063.45
2051.38
2004.13
1936.28
1991.99
2127.36
1908.29
2134.85
1942.76
1950.17
2126.69
1897.15
2127.33
1946.9
1898.07
2124.62
1931.8
1976.02
2115.09
1897.2
2126.23
1940.43
1962.41
2115.73
1882.24
2113.03
1927.47
1890.94
2111.98
1910.62
2108.66
2059.71
2065.97
2004.73
1937.09
1972.86
2115.3
1891.47
2126.88
1939.88
1954.05
2125.21
1896.05
2128.01
1947.28
1896.98
