100
134.659
166.787
133.283
145.061
119.09
136.058
131.092
141.574
117.448
134.38
138.042
147.152
136.094
145.397
121.023
139.927
130.275
141.066
119.173
135.081
139.309
146.539
133.232
141.517
151.827
130.266
142.761
127.054
136.505
115.888
132.295
145.653
161.109
162.221
143.772
131.235
144.08
127.458
136.604
116.83
132.261
144.462
161.199
114.988
131.24
117.202
131.382
118.236
132.448
116.336
137.622
119.271
133.224
147.141
143.457
131.996
142.965
129.304
140.017
119.436
135.717
145.887
139.015
115.957
133.887
116.347
134.33
118.24
132.175
117.271
129.83
149.097
162.359
115.427
133.256
120.031
123.952
134.248
141.685
133.751
140.425
130.584
135.434
139.157
156.737
157.498
140.406
132.041
140.37
128.3
137.397
115.022
130.602
142.11
157.184
115.283
131.604
114.729
132.591
116.886
