100
2937.26
2507.53
2595.59
2560.88
2525.56
2519.5
2650.69
2566.62
2521.05
2601.71
2528.09
2684.5
2693.72
2550.87
2595.61
2452.64
2609.53
2602.04
2641.73
2615.47
2554.49
2632.45
2572.24
2587.25
2595.35
2647.23
2391.47
2648.77
2573.14
2444.92
2703.82
2368.94
2369.13
2415.53
2370.29
2402.75
2360.78
2503.48
2525.13
2372.36
2390.48
2355.14
2384.75
2330.01
2372.71
2433.3
2427.54
2441.91
2416.08
2339.1
2398.04
2245.27
2355.24
2433.38
2394.65
2402.49
2396.72
2381.48
2523.54
2390.87
2417.57
2429.96
2415.63
2475.69
2457.85
2505.99
2437.66
2395.32
2388.62
2466.29
2351.95
2469.27
2433.02
2463.97
2519.99
2424.4
2523.88
2389.95
2420.86
2348.91
2476.28
2552.59
2570.11
2511.39
2466.02
2439.03
2415.71
2465.16
2391.35
2518.47
2514.15
2481.91
2513.2
2412.5
2427.1
2472.91
2397.99
2509.16
2412.94
2547.72
