100
11.5566
10.391
8.29784
8.29294
12.1224
7.44468
9.47318
12.3111
8.68338
16.5622
13.2343
12.8966
15.4163
14.664
13.5128
14.1393
12.1527
12.0853
12.0416
11.0456
11.3674
11.3232
11.0867
10.2268
10.5115
8.92344
13.5494
14.6685
11.7359
13.9925
12.5922
11.3482
13.6939
12.8377
11.6766
12.5191
13.0884
10.6592
12.0139
10.5374
10.9595
10.8993
9.93234
9.4406
13.864
13.5797
14.4846
14.2049
11.8413
12.2237
13.1915
12.8903
13.1888
12.2286
12.1308
10.8145
11.2924
10.5869
10.5669
9.75385
10.0296
9.43971
14.4043
13.0808
15.365
13.5543
12.9537
13.9153
12.6659
11.0805
13.0001
11.1813
11.9385
10.6418
11.7462
11.5012
9.64899
8.58119
10.5793
13.0599
14.411
11.976
13.5891
12.0246
12.1322
11.6311
13.5708
14.0304
13.3423
10.653
11.8114
10.1666
11.1242
10.0292
9.97606
10.3
9.28131
13.9456
13.7975
15.9438
