5000
0.779987
0.562233
0.0812114
0.0272192
0.45291
0.660847
0.010263
0.0276654
0.67468
0.683158
0.690297
0.253897
0.715731
0.177148
0.0316814
0.120032
0.64746
0.49887
0.138327
0.120032
0.72064
0.0557771
0.580082
0.488161
0.404718
0.765708
0.394902
0.625149
0.636751
0.604177
0.451571
0.0825501
0.418105
0.0932593
0.127172
0.388208
0.565356
0.289595
0.619795
0.754999
0.600161
0.722871
0.601946
0.289595
0.577404
0.133419
0.338678
0.519842
0.0789803
0.170455
0.554647
0.398025
0.343141
0.680034
0.615779
0.636305
0.147251
0.381515
0.151714
0.6015
0.187857
0.389993
0.212399
0.320384
0.197228
0.684496
0.573835
0.41632
0.749644
0.739381
0.728226
0.0896895
0.053546
0.542153
0.28781
0.076303
0.688512
0.409181
0.380177
0.156176
0.605516
0.374376
0.0557771
0.0945979
0.463173
0.624703
0.550631
0.59793
0.125387
0.428368
0.721978
0.50601
0.514934
0.640767
0.037036
0.0401595
0.58499
0.269069
0.335109
0.0410519
0.572496
0.444878
0.325738
0.670664
0.117801
0.252112
0.124941
0.17224
0.305212
0.700114
0.0812114
0.219092
0.745182
0.208829
0.447555
0.637197
0.184287
0.490392
0.428814
0.0807652
0.679142
0.38687
0.317706
0.693867
0.197228
0.0874585
0.543046
0.417659
0.782664
0.601054
0.713054
0.336447
0.676018
0.321276
0.155283
0.163761
0.0116016
0.651922
0.307889
0.0812114
0.620241
0.745182
0.332431
0.657723
0.407396
0.131634
0.735365
0.309674
0.501101
0.727333
0.3833
0.154391
0.243634
0.182503
0.712608
0.580528
0.331539
0.608639
0.373483
0.385085
0.561787
0.66397
0.242296
0.144574
0.0504225
0.676911
0.16153
0.207045
0.648353
0.647014
0.567588
0.744289
0.0937055
0.618902
0.0343587
0.115124
0.170009
0.781772
0.109769
0.594807
0.265945
0.728672
0.40338
0.759014
0.14502
0.602839
0.276654
0.195443
0.531444
0.204813
0.500209
0.499316
0.560002
0.0477452
0.424798
0.603285
0.318152
0.359204
0.381069
0.0281116
0.0776417
0.768385
0.243188
0.601946
0.331093
0.381069
0.0254343
0.626934
0.648353
0.0624703
0.621134
0.448448
0.381069
0.442647
0.365898
0.510918
0.443986
0.24408
0.759461
0.209722
0.6546
0.328862
0.189642
0.167777
0.427922
0.356973
0.484591
0.512703
0.195443
0.196335
0.755445
0.706361
0.0312352
0.128064
0.158407
0.262375
0.497085
0.68048
0.201244
0.0856736
0.480129
0.282901
0.609532
0.208829
0.434169
0.66754
0.355188
0.0223108
0.632289
0.439077
0.11557
0.137881
0.112893
0.727779
0.449786
0.605962
0.434169
0.147698
0.541707
0.690297
0.743397
0.627381
0.59793
0.566249
0.598823
0.189196
0.281116
0.0669325
0.661293
0.63809
0.730457
0.657277
0.627827
0.538583
0.0290041
0.662185
0.435507
0.211953
0.215523
0.738489
0.203029
0.234264
0.149483
0.58856
0.0923668
0.213738
0.633181
0.627381
0.0990601
0.543492
0.204367
0.465404
0.725548
0.798282
0.337786
0.535906
0.562679
0.18161
0.0468527
0.706807
0.195889
0.699668
0.0356973
0.46942
0.138327
0.399364
0.332431
0.0522073
0.325738
0.0629165
0.576512
0.672895
0.352957
0.686727
0.486822
0.0361435
0.763923
0.431045
0.772401
0.163315
0.360989
0.714839
0.748751
0.11914
0.655938
0.622472
0.648353
0.314136
0.623811
0.415428
0.777756
0.286917
0.7077
0.278885
0.369914
0.289148
0.410966
0.244527
0.26416
0.446217
0.621134
0.751875
0.0794266
0.516273
0.18518
0.0423906
0.73715
0.0133865
0.0584544
0.728672
0.0450679
0.718409
0.270407
0.448894
0.0361435
0.0325738
0.697883
0.0986139
0.241403
0.602839
0.0522073
0.524751
0.154837
0.0584544
0.709484
0.351619
0.693867
0.385531
0.642998
0.500209
0.646122
0.717516
0.637644
0.228463
0.506456
0.113339
0.729564
0.743397
0.519842
0.746074
0.394009
0.665309
0.808991
0.798728
0.400703
0.636305
0.754552
0.427029
0.239618
0.251666
0.467635
0.326184
0.424798
0.174917
0.133419
0.152606
0.704576
0.623811
0.447555
0.55197
0.178487
0.785341
0.739827
0.324399
0.257021
0.463173
0.763477
0.298965
0.257467
0.0647014
0.177594
0.414089
0.76303
0.760353
0.499763
0.67111
0.504671
0.56848
0.321722
0.439077
0.343587
0.745182
0.461834
0.520735
0.0080319
0.13922
0.701899
0.415874
0.636305
0.660401
0.414535
0.476559
0.547954
0.595699
0.336447
0.515826
0.556878
0.278885
0.426583
0.45648
0.507348
0.364113
0.113785
0.686727
0.276208
0.402934
0.00624703
0.232033
0.466743
0.456926
0.291379
0.250328
0.135204
0.7666
0.559109
0.12271
0.702791
0.294057
0.583205
0.673787
0.508241
0.513149
0.0530998
0.595253
0.199013
0.128064
0.338678
0.375268
0.384639
0.253451
0.20169
0.56491
0.167331
0.230694
0.688066
0.351172
0.307443
0.736257
0.690297
0.366344
0.540368
0.499316
0.0196335
0.71707
0.576958
0.354296
0.655046
0.454695
0.729118
0.605516
0.202582
0.634074
0.535014
0.3833
0.110216
0.761246
0.0785341
0.260144
0.726887
0.657723
0.124494
0.522966
0.767493
0.663524
0.369914
0.315475
0.709484
0.393117
0.473882
0.538137
0.677803
0.77374
0.778648
0.19455
0.525197
0.4895
0.750983
0.257467
0.0477452
0.289595
0.494408
0.683604
0.107984
0.101291
0.535014
0.712608
0.368575
0.388655
0.218646
0.339125
0.357866
0.278439
0.465404
0.520735
0.393117
0.232925
0.326631
0.764815
0.0696098
0.36322
0.476559
0.0673787
0.162423
0.318599
0.0580082
0.0812114
0.734026
0.386424
0.33734
0.462727
0.164654
0.327969
0.655938
0.771062
0.345372
0.738935
0.641213
0.464958
0.742504
0.241849
0.382854
0.260591
0.356081
0.68405
0.233818
0.530998
0.754999
0.287364
0.701899
0.156622
0.716178
0.697437
0.29718
0.120032
0.662632
0.545277
0.592129
0.0923668
0.0624703
0.254343
0.739381
0.272638
0.0240957
0.110216
0.461834
0.352065
0.197674
0.55554
0.220877
0.248543
0.729118
0.370806
0.747859
0.255236
0.537691
0.41632
0.69119
0.460496
0.624257
0.173132
0.325292
0.086566
0.594807
0.43997
0.117801
0.594361
0.769277
0.356081
0.46228
0.285579
0.733134
0.575619
0.141451
0.596592
0.546169
0.423013
0.00937055
0.0887971
0.145913
0.158407
0.191873
0.404718
0.0397133
0.734919
0.563572
0.626488
0.349388
0.331539
0.679142
0.636305
0.113339
0.632735
0.690743
0.436846
0.741166
0.530105
0.848704
0.613994
0.0361435
0.281563
0.780433
0.193658
0.202582
0.503332
0.656385
0.383746
0.261929
0.675572
0.344925
0.524305
0.047299
0.459157
0.389547
0.129849
0.288256
0.0124941
0.524305
0.742058
0.0887971
0.410966
0.388208
0.719301
0.58499
0.33377
0.0620241
0.328415
0.105753
0.371252
0.225339
0.737596
0.631843
0.23828
0.736257
0.345372
0.153052
0.693867
0.829963
0.473882
0.73715
0.590791
0.387762
0.395794
0.706807
0.26773
0.733134
0.256575
0.703237
0.754552
0.644337
0.0397133
0.255236
0.501547
0.254343
0.75723
0.492623
0.424352
0.174471
0.64746
0.637644
0.646122
0.266838
0.541707
0.319491
0.269069
0.504225
0.630504
0.55197
0.71707
0.501547
0.261037
0.602392
0.207045
0.355188
0.0298965
0.475221
0.174471
0.657723
0.598376
0.0116016
0.0745182
0.665309
0.637197
0.1062
0.622026
0.728672
0.405165
0.462727
0.546615
0.257467
0.0557771
0.554201
0.208383
0.300304
0.56848
0.0343587
0.58856
0.298073
0.164654
0.0705022
0.65103
0.555093
0.563125
0.367682
0.566695
0.0499763
0.641659
0.732241
0.287364
0.0821039
0.519396
0.673341
0.0526536
0.0718409
0.762584
0.271746
0.634074
0.631843
0.735811
0.151267
0.35385
0.457818
0.448448
0.708592
0.601054
0.571157
0.598376
0.36679
0.705468
0.162869
0.477898
0.458264
0.742504
0.695205
0.336447
0.343587
0.41275
0.447109
0.231586
0.18518
0.395794
0.210614
0.0352511
0.529213
0.141897
0.182949
0.259252
0.0209722
0.796497
0.617564
0.0879047
0.486376
0.744289
0.593914
0.587667
0.235602
0.658616
0.777309
0.0281116
0.282901
0.460496
0.358312
0.199013
0.0580082
0.443093
0.0151714
0.349834
0.701006
0.699221
0.371252
0.415428
0.437292
0.266838
0.487269
0.456033
0.539922
0.339571
0.708146
0.459603
0.767939
0.0522073
0.243634
0.706361
0.566695
0.434169
0.574281
0.267284
0.61444
0.692528
0.655492
0.0736257
0.0633628
0.398025
0.360543
0.0584544
0.300304
0.0977214
0.0147251
0.667094
0.742058
0.281563
0.56848
0.644337
0.248989
0.641213
0.697437
0.739381
0.173578
0.3302
0.765708
0.582313
0.116463
0.219985
0.0807652
0.284686
0.72421
0.515826
0.173132
0.611317
0.544384
0.692974
0.0669325
0.324399
0.199459
0.00981677
0.280224
0.570265
0.735811
0.593468
0.514934
0.397133
0.161977
0.326631
0.616225
0.0481914
0.654154
0.726887
0.508241
0.407396
0.184734
0.28424
0.517165
0.125387
0.740273
0.174024
0.724656
0.489946
0.592129
0.711716
0.402934
0.645675
0.588114
0.747413
0.232479
0.550185
0.568926
0.311459
0.459603
0.0557771
0.920099
0.409181
0.0945979
0.385977
0.44577
0.633181
0.68405
0.744736
0.778202
0.706807
0.208383
0.64746
0.277547
0.683158
0.193212
0.526089
0.74072
0.615779
0.619349
0.735365
0.327077
0.0687174
0.269515
0.376161
0.729118
0.439077
0.369914
0.0923668
0.276654
0.731795
0.0312352
0.400703
0.476559
0.729118
0.576512
0.18875
0.0633628
0.715731
0.687174
0.342248
0.142789
0.587667
0.573835
0.527874
0.203029
0.653261
0.232925
0.42346
0.525643
0.600161
0.687174
0.517165
0.0218646
0.100399
0.434169
0.400256
0.341802
0.538583
0.760799
0.247204
0.377945
0.0887971
0.657277
0.265499
0.0896895
0.647907
0.442201
0.0437292
0.646568
0.540815
0.126279
0.767046
0.763477
0.48236
0.703237
0.655046
0.243188
0.656831
0.109769
0.68048
0.18161
0.705468
0.398918
0.76303
0.435061
0.0950441
0.672895
0.037036
0.254343
0.0580082
0.0223108
0.688958
0.371252
0.337786
0.518504
0.442201
0.578297
0.700114
0.618456
0.294949
0.0178487
0.640767
0.177594
0.249881
0.288256
0.681819
0.149036
0.745182
0.195443
0.151714
0.0450679
0.678695
0.734919
0.227124
0.283348
0.45648
0.434615
0.637644
0.742951
0.74072
0.0990601
0.281563
0.226678
0.611317
0.735811
0.529213
0.174471
0.593022
0.235156
0.110662
0.0816576
0.269515
0.249435
0.175809
0.591237
0.382408
0.398918
0.0240957
0.611317
0.456033
0.747413
0.53546
0.297626
0.563572
0.526089
0.733134
0.294057
0.597484
0.742951
0.69699
0.729564
0.0477452
0.576066
0.675126
0.116463
0.103522
0.518057
0.638982
0.162869
0.679588
0.0843349
0.169116
0.629612
0.00892433
0.410073
0.274869
0.652815
0.706361
0.582759
0.719301
0.255682
0.477452
0.273977
0.114678
0.118247
0.801405
0.506456
0.0914744
0.488161
0.492177
0.380623
0.747413
0.587667
0.73715
0.131188
0.507795
0.452017
0.275316
0.721086
0.123602
0.725994
0.533229
0.0553309
0.364559
0.458264
0.683604
0.670664
0.366344
0.260144
0.565356
0.706807
0.323953
0.408734
0.535906
0.342248
0.257913
0.281116
0.400703
0.2182
0.506456
0.583651
0.493069
0.0423906
0.0722871
0.0209722
0.303874
0.696098
0.712608
0.124941
0.0379284
0.2182
0.180272
0.362328
0.551524
0.381069
0.0477452
0.182056
0.752321
0.0499763
0.0879047
0.323953
0.665755
0.182949
0.043283
0.802297
0.321722
0.128064
0.174024
0.31369
0.421228
0.0468527
0.592129
0.0348049
0.576512
0.0633628
0.684943
0.223108
0.58142
0.480575
0.532336
0.1651
0.738935
0.582313
0.17804
0.0254343
0.792927
0.242296
0.0450679
0.760799
0.143236
0.468081
0.0553309
0.576512
0.367682
0.597038
0.0553309
0.706361
0.316814
0.257913
0.624703
0.489053
0.322168
0.553309
0.0151714
0.0999525
0.112
0.417213
0.442201
0.285132
0.424798
0.107538
0.771062
0.261037
0.353404
0.295842
0.576066
0.555986
0.761246
0.0914744
0.112447
0.592576
0.630504
0.25122
0.715285
0.132973
0.418105
0.348941
0.705468
0.754999
0.422121
0.358758
0.692082
0.0945979
0.17804
0.431938
0.0941517
0.611317
0.721978
0.411412
0.744736
0.595699
0.076303
0.467189
0.328415
0.344925
0.61444
0.319491
0.13208
0.224893
0.294057
0.747413
0.351619
0.359204
0.063809
0.477898
0.518504
0.694313
0.613548
0.680927
0.156176
0.0303427
0.523412
0.565803
0.455587
0.0870122
0.0138327
0.53546
0.221323
0.418997
0.6546
0.140558
0.753214
0.468081
0.412304
0.609086
0.463173
0.0169562
0.502886
0.443539
0.303874
0.248989
0.298073
0.392671
0.707253
0.290933
0.441308
0.460942
0.491284
0.417213
0.655492
0.074072
0.750536
0.597038
0.0807652
0.613548
0.71707
0.319491
0.596145
0.258359
0.333324
0.223555
0.113339
0.66754
0.469866
0.679588
0.718855
0.254343
0.0914744
0.281563
0.241403
0.778648
0.360097
0.222662
0.7135
0.643444
0.743397
0.431938
0.0713947
0.73001
0.0223108
0.103076
0.51181
0.237387
0.294057
0.693421
0.297626
0.579189
0.395794
0.22177
0.384639
0.28781
0.381515
0.245865
0.0455141
0.240065
0.197228
0.75009
0.757676
0.70056
0.0455141
0.697883
0.375714
0.441308
0.422121
0.380623
0.729118
0.300304
0.493962
0.111108
0.421675
0.600608
0.576512
0.418997
0.229802
0.587221
0.311013
0.187857
0.664863
0.0910282
0.352065
0.289148
0.273531
0.256128
0.31369
0.236941
0.693421
0.566249
0.610424
0.377053
0.472097
0.574727
0.651922
0.694313
0.298073
0.23828
0.0847812
0.247204
0.508241
0.145913
0.177594
0.418551
0.299858
0.481022
0.391778
0.643891
0.582759
0.709931
0.606408
0.702791
0.124048
0.76303
0.510472
0.168224
0.0316814
0.319937
0.432384
0.170009
0.785341
0.613548
0.768385
0.711716
0.695652
0.167777
0.507348
0.580082
0.628273
0.173578
0.124941
0.594807
0.344925
0.658616
0.232033
0.759014
0.268176
0.539476
0.508687
0.568034
0.539476
0.152606
0.0972752
0.710377
0.607301
0.377945
0.592576
0.0080319
0.310567
0.0923668
0.754999
0.530552
0.113339
0.308336
0.374822
0.0272192
0.35028
0.384193
0.39981
0.645229
0.705022
0.718409
0.0182949
0.336001
0.416766
0.219985
0.527428
0.518057
0.638982
0.136096
0.4364
0.240957
0.686281
0.15573
0.631843
0.785787
0.129849
0.564464
0.627827
0.11557
0.076303
0.612209
0.582759
0.348941
0.760799
0.644783
0.279778
0.444432
0.70413
0.551078
0.626488
0.517611
0.646122
0.732241
0.679588
0.628719
0.340909
0.7135
0.270407
0.426137
0.6015
0.485037
0.0160638
0.0736257
0.821931
0.380177
0.672895
0.187857
0.360989
0.140558
0.393563
0.688958
0.310567
0.419444
0.158407
0.724656
0.392224
0.547062
0.468081
0.268622
0.532783
0.156176
0.256575
0.23471
0.520735
0.3302
0.747859
0.0138327
0.629165
0.74072
0.37973
0.224893
0.289595
0.405611
0.493516
0.643891
0.42346
0.548846
0.374822
0.694759
0.285132
0.513149
0.688512
0.288256
0.23471
0.756337
0.622918
0.671556
0.695652
0.624257
0.0995063
0.854505
0.709038
0.6546
0.252559
0.146805
0.398025
0.455587
0.332431
0.482806
0.63452
0.0557771
0.0107092
0.0142789
0.0727333
0.500209
0.751875
0.302981
0.771509
0.672895
0.0834425
0.281563
0.116463
0.464065
0.459603
0.451125
0.696098
0.208829
0.730457
0.705468
0.746074
0.393563
0.223555
0.779987
0.270853
0.299411
0.0468527
0.0477452
0.650584
0.475667
0.0214184
0.157068
0.138773
0.728226
0.325292
0.586329
0.628273
0.580974
0.782218
0.319937
0.738489
0.0218646
0.642998
0.403826
0.583651
0.584098
0.567141
0.738042
0.340909
0.483699
0.369467
0.658616
0.774632
0.0874585
0.242296
0.809883
0.158853
0.53546
0.157514
0.225339
0.617564
0.385531
0.447109
0.378838
0.334662
0.714393
0.284686
0.215523
0.638982
0.781325
0.339571
0.593022
0.413643
0.0383746
0.477898
0.641213
0.473882
0.243188
0.548846
0.113339
0.478344
0.0116016
0.134757
0.00580082
0.244973
0.0562233
0.299411
0.23828
0.147698
0.603285
0.560894
0.497085
0.455141
0.331985
0.661293
0.431491
0.432384
0.326184
0.597484
0.131188
0.240065
0.136989
0.448894
0.520289
0.365898
0.380623
0.0254343
0.37393
0.369467
0.418997
0.646568
0.555986
0.729118
0.177148
0.485484
0.523858
0.66754
0.0624703
0.662632
0.0963828
0.00892433
0.26416
0.0892433
0.318599
0.746074
0.695652
0.723317
0.462727
0.739827
0.470312
0.418105
0.455141
0.225339
0.543046
0.780879
0.646122
0.496193
0.615779
0.696544
0.374376
0.620241
0.128957
0.0423906
0.232925
0.75009
0.732688
0.717516
0.29718
0.430599
0.253897
0.252559
0.299858
0.722425
0.76303
0.688512
0.649245
0.322168
0.129849
0.448894
0.758568
0.444878
0.751875
0.444878
0.489946
0.450679
0.331539
0.0687174
0.656385
0.440862
0.14502
0.453802
0.168224
0.222216
0.749198
0.430599
0.0928131
0.563125
0.378838
0.301642
0.425691
0.286471
0.450233
0.509579
0.238726
0.41989
0.0401595
0.742504
0.0539922
0.295395
0.525643
0.791588
0.707253
0.697437
0.396687
0.151714
0.76303
0.620241
0.433723
0.418997
0.565803
0.629612
0.566695
0.348049
0.422121
0.742951
0.680927
0.134757
0.474328
0.618902
0.631843
0.705468
0.455587
0.513595
0.365451
0.578743
0.434169
0.547062
0.540368
0.362328
0.725102
0.0294503
0.394009
0.0825501
0.178933
0.764815
0.219985
0.327969
0.0745182
0.142343
0.322615
0.182503
0.501994
0.587667
0.236941
0.270407
0.356081
0.101291
0.644337
0.535014
0.733134
0.138773
0.721532
0.0406057
0.321276
0.328415
0.0870122
0.0414981
0.670664
0.0798728
0.742951
0.113785
0.485484
0.561341
0.14502
0.140112
0.552416
0.66754
0.324846
0.233818
0.73715
0.212399
0.219092
0.564018
0.526089
0.16867
0.271746
0.756783
0.182503
0.397133
0.409181
0.58856
0.555986
0.506902
0.0620241
0.250774
0.259698
0.698775
0.705468
0.399364
0.719301
0.271746
0.253005
0.634074
0.388655
0.580974
0.219092
0.676018
0.533229
0.49887
0.370806
0.757676
0.473882
0.487269
0.648353
0.169116
0.332878
0.433723
0.0999525
0.710377
0.497978
0.257467
0.54483
0.631843
0.375714
0.69699
0.0343587
0.580974
0.705915
0.510026
0.321276
0.676018
0.0919206
0.518057
0.100399
0.238726
0.121817
0.60507
0.727333
0.65103
0.67468
0.274423
0.0446217
0.808991
0.68048
0.645675
0.670664
0.415428
0.457818
0.584544
0.253005
0.74652
0.216415
0.219539
0.515826
0.511364
0.729118
0.499316
0.282455
0.059793
0.676464
0.153052
0.661293
0.263268
0.409627
0.0450679
0.193212
0.448001
0.556878
0.378838
0.244527
0.470759
0.729118
0.0232033
0.147698
0.724656
0.0156176
0.358312
0.126279
0.784449
0.423013
0.695205
0.332878
0.69699
0.516719
0.390886
0.0566695
0.747859
0.216415
0.392671
0.315921
0.413643
0.140112
0.652815
0.528767
0.550185
0.526982
0.540368
0.0754106
0.644783
0.603285
0.776417
0.539476
0.651476
0.431938
0.0914744
0.196782
0.112447
0.216415
0.514934
0.641659
0.0923668
0.187857
0.0334662
0.422567
0.115124
0.710823
0.336447
0.480575
0.616671
0.468974
0.19812
0.547954
0.455587
0.738489
0.514934
0.634966
0.520289
0.185626
0.474328
0.106646
0.500209
0.418105
0.416766
0.458711
0.294949
0.473882
0.124494
0.510026
0.416766
0.386424
0.692082
0.600608
0.0624703
0.747413
0.10263
0.737596
0.247204
0.29718
0.311905
0.0678249
0.230248
0.165993
0.0526536
0.553755
0.414981
0.383746
0.157961
0.572496
0.709931
0.496639
0.37036
0.0281116
0.673341
0.556878
0.451571
0.144128
0.273085
0.192766
0.100845
0.248096
0.7135
0.8197
0.47879
0.158853
0.171793
0.0633628
0.577851
0.734473
0.346264
0.567588
0.518504
0.167331
0.0629165
0.717963
0.460942
0.13208
0.420782
0.677357
0.633181
0.312352
0.481022
0.207491
0.64746
0.111108
0.585436
0.454249
0.763923
0.240065
0.0807652
0.442201
0.654154
0.327523
0.564464
0.661739
0.653707
0.369021
0.670664
0.2182
0.44577
0.170009
0.631843
0.203475
0.53903
0.522966
0.0896895
0.0294503
0.516273
0.243634
0.537691
0.271746
0.615779
0.747413
0.0437292
0.443093
0.701006
0.481468
0.59793
0.39981
0.609086
0.179825
0.673787
0.398471
0.689405
0.324399
0.315921
0.493516
0.764815
0.616225
0.314583
0.19455
0.410519
0.412304
0.583651
0.765262
0.618456
0.592576
0.28781
0.266838
0.447555
0.537245
0.58856
0.358758
0.226232
0.652369
0.722425
0.717516
0.404718
0.439077
0.651476
0.237387
0.593468
0.329308
0.334662
0.35028
0.642552
0.0294503
0.0169562
0.754999
0.638536
0.536799
0.508241
0.428814
0.345372
0.404718
0.324846
0.282455
0.494854
0.493069
0.731349
0.409181
0.785341
0.192766
0.0374822
0.16867
0.369021
0.774186
0.757676
0.720194
0.302535
0.0887971
0.0883509
0.228017
0.416766
0.749644
0.458264
0.0196335
0.327077
0.47879
0.63452
0.758122
0.0187411
0.352957
0.327969
0.110662
0.447109
0.157068
0.24408
0.0780879
0.0776417
0.657277
0.143236
0.258359
0.270407
0.464065
0.438185
0.79025
0.0754106
0.166439
0.542599
0.17804
0.627381
0.734919
0.258806
0.640321
0.627827
0.369914
0.425244
0.0361435
0.75009
0.558663
0.525643
0.705022
0.0236495
0.760353
0.395348
0.0928131
0.503332
0.128064
0.532336
0.514934
0.0937055
0.0660401
0.362774
0.751429
0.242742
0.0156176
0.16153
0.108431
0.572942
0.711716
0.1062
0.734026
0.517611
0.279778
0.731795
0.0562233
0.733134
0.258359
0.157068
0.12851
0.688958
0.404718
0.388208
0.285579
0.10263
0.682265
0.15573
0.740273
0.124494
0.273085
0.616225
0.441754
0.329308
0.673787
0.627381
0.426583
0.118247
0.730457
0.823716
0.477452
0.389547
0.628273
0.312798
0.395348
0.043283
0.371698
0.641659
0.741166
0.26773
0.18161
0.474774
0.0490838
0.398918
0.484145
0.486822
0.384193
0.0731795
0.622472
0.542599
0.231586
0.411412
0.0780879
0.455587
0.754552
0.383746
0.184734
0.390886
0.18518
0.455141
0.156622
0.487269
0.0383746
0.453356
0.435954
0.639875
0.115124
0.179379
0.5484
0.794712
0.315475
0.423906
0.409627
0.749198
0.479237
0.322168
0.74652
0.342248
0.654154
0.61801
0.174917
0.553755
0.369914
0.727333
0.742951
0.6015
0.296288
0.468081
0.40695
0.586329
0.318152
0.736704
0.422567
0.68048
0.778202
0.530105
0.0615779
0.577851
0.763923
0.0174024
0.701899
0.402934
0.760799
0.648353
0.0861198
0.718855
0.361882
0.580974
0.307889
0.0798728
0.634966
0.352957
0.456033
0.491731
0.584544
0.13208
0.630058
0.501994
0.325292
0.506902
0.0999525
0.388208
0.566695
0.568926
0.470312
0.315921
0.393117
0.542153
0.561787
0.777756
0.53546
0.536799
0.253451
0.220431
0.702791
0.362328
0.523858
0.291826
0.797835
0.48236
0.646122
0.112893
0.593914
0.624257
0.389101
0.157961
0.449786
0.612655
0.735811
0.0455141
0.348495
0.15573
0.182503
0.177594
0.655938
0.386424
0.12851
0.497085
0.607747
0.228909
0.140558
0.57205
0.407842
0.719301
0.576512
0.61444
0.438631
0.668432
0.345818
0.624703
0.186072
0.588114
0.752767
0.493069
0.541261
0.193212
0.141004
0.728672
0.719301
0.788465
0.564018
0.587221
0.15216
0.0191873
0.336894
0.302089
0.421228
0.68762
0.190981
0.560002
0.35742
0.358758
0.764369
0.431491
0.522966
0.470312
0.0406057
0.496639
0.150821
0.409627
0.675126
0.349834
0.367682
0.576066
0.0682711
0.0566695
0.278439
0.705468
0.54483
0.0343587
0.118247
0.395794
0.632735
0.546615
0.37973
0.184734
0.318599
0.295842
0.401149
0.395794
0.493516
0.569819
0.551524
0.191873
0.174471
0.47299
0.605516
0.0673787
0.249435
0.171347
0.624703
0.220877
0.792927
0.72421
0.157514
0.534121
0.323507
0.451571
0.224893
0.486376
0.236049
0.476559
0.444878
0.180272
0.230248
0.711269
0.711716
0.260591
0.714393
0.652369
0.443986
0.744289
0.556878
0.702791
0.266838
0.24765
0.689405
0.0294503
0.658616
0.206152
0.660847
0.223108
0.0678249
0.435954
0.13922
0.713947
0.131634
0.536799
0.736257
0.0383746
0.0602392
0.488161
0.509133
0.0124941
0.404718
0.451571
0.144128
0.357866
0.0218646
0.644783
0.0611317
0.22757
0.047299
0.722425
0.0847812
0.173578
0.182503
0.794712
0.657723
0.609978
0.551524
0.386424
0.456926
0.446217
0.497532
0.497085
0.445324
0.266391
0.602392
0.748305
0.29718
0.204813
0.296288
0.103076
0.626934
0.162423
0.614887
0.701006
0.0941517
0.124941
0.105753
0.384193
0.318152
0.232925
0.650138
0.672895
0.443539
0.486822
0.48593
0.565803
0.333324
0.489946
0.341802
0.645675
0.146805
0.558217
0.132973
0.152606
0.697883
0.126279
0.415874
0.0870122
0.265499
0.736704
0.203029
0.431938
0.0343587
0.195443
0.642552
0.630504
0.738489
0.344033
0.710823
0.493069
0.248096
0.368129
0.0312352
0.34671
0.356081
0.385531
0.394009
0.44577
0.337786
0.118247
0.680034
0.55197
0.640321
0.0843349
0.505117
0.380177
0.288702
0.631843
0.169562
0.650584
0.351172
0.295842
0.558217
0.444432
0.29718
0.640321
0.491284
0.741612
0.595253
0.540368
0.376161
0.534568
0.604624
0.620687
0.503332
0.471205
0.598823
0.295395
0.235602
0.702791
0.0441754
0.0754106
0.448448
0.547508
0.313244
0.410966
0.580528
0.208829
0.634966
0.565803
0.765708
0.691636
0.297626
0.170901
0.468081
0.261483
0.272192
0.0981677
0.60507
0.40338
0.750983
0.329308
0.728672
0.613102
0.680927
0.275762
0.673341
0.397133
0.46942
0.575173
0.12271
0.530998
0.387762
0.674233
0.0249881
0.274423
0.732241
0.66397
0.240511
0.107984
0.298073
0.471205
0.03302
0.767493
0.716624
0.0116016
0.174471
0.347157
0.744289
0.0843349
0.414089
0.764369
0.738489
0.0602392
0.685835
0.123156
0.176702
0.274423
0.450233
0.341802
0.43997
0.180272
0.142343
0.72421
0.636751
0.654154
0.236049
0.410966
0.180272
0.513595
0.446217
0.022757
0.0129403
0.404718
0.142343
0.466743
0.623811
0.746074
0.0557771
0.706807
0.358312
0.635412
0.162869
0.0281116
0.614887
0.750536
0.308336
0.55554
0.72064
0.653261
0.780879
0.0138327
0.71707
0.23828
0.422567
0.741612
0.705915
0.237833
0.299858
0.455587
0.261483
0.366344
0.635412
0.756783
0.47879
0.120925
0.591683
0.726441
0.510472
0.73358
0.414535
0.698329
0.574727
0.526089
0.0133865
0.73001
0.748305
0.596592
0.277547
0.374822
0.157961
0.665755
0.609086
0.227124
0.365451
0.213738
0.289595
0.656385
0.408734
0.394009
0.723317
0.321276
0.539922
0.567141
0.76303
0.785787
0.471205
0.0852274
0.175809
0.240957
0.191427
0.191427
0.802744
0.0856736
0.543938
0.195889
0.0870122
0.0749644
0.310121
0.0745182
0.0758568
0.307443
0.0870122
0.371252
0.171347
0.568034
0.343141
0.753214
0.273085
0.326631
0.622026
0.705915
0.0883509
0.190981
0.723763
0.252112
0.515826
0.764815
0.701899
0.460049
0.132973
0.618456
0.228463
0.218646
0.468081
0.569819
0.68762
0.153945
0.0455141
0.762584
0.134757
0.75723
0.0539922
0.40338
0.540815
0.344033
0.407842
0.703237
0.79962
0.734919
0.37973
0.276208
0.729564
0.369914
0.73001
0.316368
0.738042
0.669325
0.134311
0.0883509
0.718855
0.503332
0.217307
0.655046
0.698775
0.398025
0.461388
0.04953
0.224893
0.294503
0.706361
0.726441
0.579189
0.0660401
0.630058
0.24408
0.633628
0.432384
0.182949
0.0209722
0.154391
0.73715
0.136096
0.68762
0.010263
0.545277
0.245865
0.127172
0.457818
0.68048
0.203475
0.336894
0.431045
0.613994
0.556432
0.230248
0.749198
0.506902
0.315475
0.0423906
0.681819
0.526536
0.0218646
0.0767493
0.397579
0.699668
0.660847
0.639875
0.788465
0.0325738
0.367682
0.389547
0.254343
0.423013
0.0941517
0.668879
0.643891
0.310121
0.481914
0.446663
0.582313
0.50244
0.372145
0.0651476
0.73358
0.73001
0.65817
0.384639
0.162869
0.635859
0.132526
0.647014
0.365005
0.237387
0.212845
0.791142
0.0191873
0.716624
0.58142
0.404718
0.237833
0.290933
0.708146
0.298965
0.61444
0.398471
0.425691
0.174471
0.0504225
0.101737
0.369021
0.552416
0.639875
0.39981
0.31726
0.286917
0.269069
0.185626
0.735365
0.704576
0.37393
0.366344
0.377499
0.0919206
0.311459
0.260591
0.676018
0.304766
0.707253
0.201244
0.40695
0.326631
0.456033
0.701006
0.7077
0.506902
0.513149
0.24765
0.0285579
0.315475
0.074072
0.685835
0.725548
0.0629165
0.0754106
0.747859
0.58142
0.305212
0.532783
0.655938
0.100399
0.425691
0.466296
0.388655
0.138773
0.503332
0.307889
0.302981
0.0423906
0.394455
0.428814
0.597038
0.432384
0.19455
0.144128
0.150821
0.638536
0.191427
0.0843349
0.569819
0.32083
0.219092
0.232479
0.709484
0.846473
0.712162
0.0691636
0.196335
0.739827
0.163761
0.511364
0.463173
0.242742
0.644337
0.411412
0.182503
0.341802
0.133865
0.0544384
0.0200797
0.0611317
0.575173
0.279332
0.555093
0.679588
0.286471
0.0307889
0.116909
0.697437
0.428368
0.377499
0.629165
0.358758
0.569372
0.0401595
0.442201
0.143236
0.55197
0.385977
0.39981
0.679142
0.61801
0.67468
0.768831
0.228463
0.0664863
0.259252
0.332878
0.436846
0.0571157
0.361882
0.314583
0.39981
0.262822
0.262375
0.762584
0.355188
0.664417
0.272638
0.0428368
0.180718
0.397579
0.409181
0.535906
0.256128
0.692528
0.572942
0.775971
0.575619
0.384639
0.472097
0.488607
0.508241
0.582313
0.0620241
0.472097
0.24765
0.359204
0.647014
0.533229
0.138773
0.632289
0.709484
0.0490838
0.0544384
0.745182
0.0298965
0.090582
0.736257
0.0187411
0.400256
0.531444
0.572942
0.510026
0.215523
0.0142789
0.261037
0.347603
0.0852274
0.155283
0.0562233
0.604624
0.425691
0.655938
0.754106
0.174917
0.524751
0.576512
0.60507
0.607301
0.272192
0.238726
0.694313
0.70413
0.723763
0.725548
0.090582
0.470312
0.280224
0.352957
0.0504225
0.448448
0.376607
0.281563
0.469866
0.659954
0.460942
0.692528
0.0522073
0.142343
0.236941
0.40695
0.573835
0.720194
0.419444
0.440862
0.18875
0.173132
0.742951
0.0196335
0.73358
0.464511
0.8197
0.43283
0.308336
0.0821039
0.7135
0.151714
0.622472
0.303427
0.624257
0.696544
0.769724
0.240511
0.566695
0.636751
0.625596
0.423013
0.506902
0.547062
0.190534
0.0887971
0.474774
0.730903
0.0816576
0.0428368
0.560894
0.0490838
0.705915
0.043283
0.778202
0.458264
0.236941
0.00892433
0.223555
0.627381
0.567588
0.118694
0.367236
0.550185
0.575173
0.348941
0.232925
0.360543
0.23114
0.196335
0.0553309
0.356527
0.591237
0.138327
0.688958
0.635412
0.126279
0.291826
0.302535
0.460496
0.694313
0.394902
0.417213
0.225339
0.506456
0.245865
0.58142
0.312352
0.194997
0.0419444
0.552416
0.360989
0.111554
0.487269
0.212845
0.236941
0.245419
0.554647
0.50601
0.224447
0.338678
0.714393
0.750536
0.587221
0.611763
0.75366
0.345818
0.311905
0.749198
0.575173
0.649691
0.360989
0.0633628
0.426137
0.551524
0.0160638
0.118247
0.126726
0.427476
0.277547
0.224001
0.108877
0.631843
0.0727333
0.0410519
0.718855
0.113785
0.262375
0.468081
0.777309
0.754999
0.772847
0.655046
0.393563
0.690743
0.368129
0.554647
0.603731
0.454249
0.418997
0.0731795
0.292718
0.536352
0.137435
0.57205
0.193658
0.401595
0.329754
0.569819
0.445324
0.475667
0.223555
0.133419
0.101291
0.272192
0.294057
0.25122
0.307889
0.233371
0.442201
0.443986
0.767939
0.378838
0.634074
0.468527
0.15573
0.096829
0.666648
0.389993
0.594361
0.586329
0.473882
0.293164
0.240511
0.655492
0.560448
0.434615
0.35385
0.561787
0.26773
0.758122
0.675126
0.725994
0.643444
0.299858
0.715285
0.22757
0.658616
0.0557771
0.468081
0.247204
0.66754
0.557325
0.560894
0.61801
0.150375
0.283794
0.0539922
0.112
0.44934
0.530998
0.740273
0.202136
0.0307889
0.65817
0.217754
0.700114
0.454249
0.120925
0.116463
0.454695
0.267284
0.0767493
0.451125
0.530552
0.547954
0.315029
0.379284
0.20169
0.421675
0.370806
0.41275
0.280224
0.400256
0.483253
0.706807
0.525197
0.394009
0.699668
0.102184
0.383746
0.735365
0.317706
0.0593468
0.759461
0.387762
0.187857
0.478344
0.167777
0.430153
0.385531
0.0954904
0.744736
0.683158
0.603731
0.602839
0.717516
0.13208
0.197674
0.354742
0.717516
0.338232
0.0455141
0.742951
0.590345
0.251666
0.174917
0.751429
0.276208
0.24765
0.728672
0.68405
0.258359
0.581866
0.222216
0.66397
0.392224
0.789803
0.271746
0.370806
0.652369
0.364113
0.235156
0.0508687
0.487269
0.323507
0.542599
0.748751
0.334216
0.159746
0.406503
0.377945
0.422121
0.483699
0.623811
0.329754
0.614887
0.377945
0.283348
0.653261
0.687174
0.755445
0.35028
0.59793
0.567588
0.272192
0.0365898
0.0745182
0.659062
0.648353
0.0200797
0.354742
0.0941517
0.639428
0.38687
0.672448
0.398471
0.217307
0.3302
0.556432
0.501547
0.369914
0.236941
0.795158
0.0486376
0.679588
0.107984
0.504671
0.321276
0.736257
0.365005
0.819254
0.76303
0.463619
0.26416
0.631843
0.639875
0.653261
0.248989
0.466296
0.0124941
0.577851
0.446663
0.741166
0.112
0.108877
0.0116016
0.40338
0.630058
0.369021
0.529213
0.263714
0.462727
0.563572
0.192319
0.359204
0.466296
0.189642
0.368129
0.573835
0.156622
0.228463
0.699221
0.732241
0.432384
0.491284
0.737596
0.0722871
0.379284
0.367236
0.594361
0.680927
0.511364
0.159746
0.524305
0.0954904
0.260591
0.276654
0.0937055
0.147698
0.112893
0.382854
0.20169
0.715285
0.658616
0.808991
0.674233
0.714839
0.534121
0.603731
0.303427
0.369021
0.457818
0.162869
0.457372
0.360989
0.495747
0.100399
0.0963828
0.0816576
0.35742
0.752321
0.409181
0.283348
0.389547
0.490392
0.629165
0.6546
0.776417
0.194997
0.220877
0.70056
0.198566
0.253451
0.136989
0.460496
0.512257
0.0629165
0.13208
0.0254343
0.494854
0.481468
0.237833
0.696098
0.554201
0.227124
0.317706
0.508241
0.237387
0.734026
0.498424
0.381069
0.497978
0.181164
0.281116
0.488161
0.327969
0.368129
0.796943
0.434169
0.250328
0.633628
0.360989
0.291379
0.768831
0.669771
0.299411
0.0928131
0.199905
0.224001
0.268176
0.140112
0.00624703
0.230248
0.0758568
0.208829
0.0379284
0.315475
0.594807
0.581866
0.427476
0.147251
0.303427
0.628273
0.278439
0.672895
0.487715
0.277101
0.507795
0.645229
0.794266
0.165993
0.277547
0.800959
0.689851
0.294503
0.466743
0.0575619
0.0178487
0.63452
0.661293
0.218646
0.579189
0.41632
0.761246
0.708146
0.0294503
0.413197
0.755445
0.698775
0.614887
0.328862
0.0200797
0.0406057
0.12271
0.381515
0.51895
0.0129403
0.0178487
0.697437
0.559109
0.0977214
0.759907
0.0191873
0.0406057
0.47299
0.570265
0.368575
0.731795
0.457372
0.751875
0.112447
0.75366
0.505563
0.348495
0.0218646
0.464511
0.310121
0.642106
0.339125
0.29718
0.109769
0.666648
0.735811
0.718855
0.764369
0.597038
0.291379
0.730903
0.448448
0.608639
0.351619
0.638536
0.289148
0.113785
0.691636
0.0776417
0.625596
0.678249
0.743843
0.481468
0.250328
0.1062
0.45648
0.612209
0.438185
0.249881
0.559109
0.701453
0.635859
0.262822
0.325738
0.705915
0.130295
0.347603
0.380177
0.503779
0.37036
0.753214
0.26773
0.630058
0.635412
0.25122
0.373037
0.215523
0.368575
0.321276
0.681373
0.447555
0.450233
0.591237
0.300304
0.0691636
0.306551
0.208383
0.607301
0.189642
0.716178
0.372591
0.235156
0.522966
0.355635
0.689851
0.0852274
0.703237
0.232479
0.286917
0.692528
0.176256
0.446663
0.419444
0.0838887
0.453802
0.725994
0.199013
0.729118
0.624257
0.640767
0.260144
0.443539
0.242742
0.275762
0.74072
0.704576
0.189196
0.423013
0.793373
0.484145
0.471205
0.742058
0.494854
0.047299
0.530998
0.133865
0.0191873
0.70413
0.756337
0.215523
0.466296
0.649245
0.310567
0.34671
0.593468
0.0522073
0.344033
0.564464
0.0169562
0.0191873
0.500209
0.654154
0.0959366
0.424798
0.23114
0.647907
0.385085
0.798728
0.792927
0.675126
0.362774
0.746967
0.319045
0.145467
0.727779
0.0705022
0.522073
0.0544384
0.465404
0.0544384
0.224447
0.779987
0.717516
0.36679
0.845134
0.488607
0.399364
0.619349
0.0365898
0.714393
0.48236
0.736704
0.0147251
0.384193
0.413643
0.524305
0.194997
0.308782
0.11914
0.63809
0.705022
0.15573
0.347603
0.653261
0.578743
0.677357
0.554201
0.492623
0.552862
0.110216
0.477006
0.737596
0.687174
0.236049
0.238726
0.598823
0.0713947
0.745182
0.585882
0.646568
0.415874
0.755445
0.440862
0.109769
0.67468
0.429707
0.661739
0.728672
0.477006
0.617118
0.0388208
0.250328
0.108877
0.738935
0.130741
0.111554
0.197228
0.597038
0.627827
0.142343
0.311013
0.318152
0.486822
0.0236495
0.594361
0.0508687
0.388655
0.697883
0.0870122
0.685389
0.0705022
0.21106
0.526982
0.145913
0.424798
0.561341
0.136989
0.0254343
0.344479
0.310567
0.0673787
0.144574
0.153945
0.396687
0.500655
0.629612
0.0816576
0.665309
0.559556
0.380177
0.288256
0.637644
0.114231
0.441308
0.535906
0.110662
0.211953
0.524305
0.731349
0.235602
0.209276
0.0731795
0.785341
0.584098
0.174471
0.323953
0.626934
0.665755
0.547954
0.258359
0.407396
0.4364
0.734473
0.72421
0.367236
0.642998
0.322615
0.778202
0.721978
0.239618
0.645675
0.455141
0.170901
0.131188
0.753214
0.0419444
0.377945
0.589452
0.37393
0.388655
0.388208
0.148144
0.0651476
0.553309
0.592576
0.292272
0.11914
0.33377
0.556432
0.0281116
0.378838
0.298965
0.627827
0.485484
0.626934
0.371252
0.106646
0.694759
0.240065
0.174024
0.480575
0.684496
0.501547
0.61801
0.497085
0.687174
0.454695
0.488607
0.0789803
0.681373
0.354742
0.760353
0.0307889
0.124941
0.294057
0.11557
0.477006
0.0870122
0.257021
0.20169
0.308336
0.179379
0.0682711
0.328862
0.209722
0.625596
0.308336
0.256575
0.51895
0.73715
0.439523
0.555986
0.574281
0.070056
0.729564
0.398918
0.518504
0.442647
0.396687
0.0334662
0.0892433
0.221323
0.170901
0.760353
0.512703
0.199905
0.606408
0.761692
0.526089
0.109323
0.411412
0.0285579
0.278439
0.476113
0.104415
0.155283
0.508241
0.0843349
0.741612
0.532783
0.617564
0.552416
0.755891
0.468527
0.624257
0.676464
0.749198
0.301642
0.556878
0.344479
0.556878
0.609532
0.51895
0.553755
0.614887
0.672895
0.597484
0.610871
0.063809
0.286025
0.672448
0.493516
0.749198
0.392224
0.0990601
0.0182949
0.63809
0.570711
0.0941517
0.174917
0.501994
0.168224
0.371698
0.0486376
0.0539922
0.641213
0.283794
0.696544
0.636751
0.641659
0.56848
0.796497
0.228909
0.706807
0.414089
0.260144
0.466296
0.159299
0.418551
0.0414981
0.559556
0.296288
0.571603
0.0196335
0.577851
0.723763
0.472543
0.747413
0.587667
0.628719
0.387762
0.558663
0.295395
0.0334662
0.479237
0.749644
0.615779
0.608639
0.309674
0.656385
0.655046
0.0758568
0.725102
0.712162
0.39044
0.260144
0.510472
0.748305
0.435507
0.0530998
0.754552
0.73715
0.133419
0.734473
0.427029
0.221323
0.684496
0.108877
0.543492
0.546615
0.723317
0.697883
0.531444
0.00937055
0.368575
0.251666
0.237833
0.393563
0.484591
0.149929
0.741612
0.301642
0.709931
0.0258806
0.208829
0.285579
0.655492
0.431491
0.294057
0.236049
0.2182
0.074072
0.684496
0.65817
0.43997
0.195889
0.352511
0.641659
0.161977
0.373037
0.633628
0.157514
0.612209
0.216861
0.51538
0.552416
0.587221
0.722871
0.393117
0.649245
0.0566695
0.0116016
0.451571
0.452017
0.13565
0.303874
0.0945979
0.189196
0.24408
0.739381
0.460942
0.557325
0.126279
0.836656
0.619795
0.665309
0.598823
0.785787
0.69699
0.408734
0.261929
0.537245
0.754999
0.0160638
0.238726
0.406057
0.401595
0.563125
0.378838
0.716624
0.376161
0.725102
0.149036
0.491731
0.61801
0.635859
0.053546
0.288256
0.761692
0.0191873
0.238726
0.40695
0.148144
0.738489
0.686727
0.190981
0.473882
0.745628
0.693421
0.56848
0.117801
0.682265
0.170455
0.132973
0.53903
0.39624
0.464958
0.262375
0.652815
0.573835
0.428368
0.694759
0.686727
0.12271
0.205706
0.74072
0.532783
0.519842
0.641659
0.408734
0.135204
0.220877
0.46942
0.791588
0.286917
0.771955
0.212845
0.074072
0.620687
0.356973
0.586329
0.104415
0.193658
0.119586
0.494854
0.136096
0.179825
0.632735
0.689851
0.440862
0.75366
0.259252
0.418997
0.677803
0.663078
0.463173
0.697437
0.203921
0.767939
0.51538
0.639428
0.731795
0.308782
0.547508
0.33377
0.0718409
0.183841
0.257467
0.41275
0.338232
0.404272
0.441308
0.263714
0.232479
0.302089
0.0459603
0.411858
0.294949
0.804082
0.650138
0.0379284
0.596592
0.0584544
0.228463
0.108877
0.55554
0.600608
0.439077
0.729118
0.587221
0.300304
0.18875
0.476113
0.619795
0.505563
0.622472
0.457818
0.709931
0.761246
0.187411
0.418105
0.49887
0.716178
0.372145
0.0602392
0.193212
0.163761
0.637644
0.58856
0.70413
0.748751
0.41632
0.671556
0.765262
0.636751
0.506902
0.520735
0.217307
0.387316
0.398471
0.797835
0.203921
0.443093
0.604624
0.582759
0.699221
0.730903
0.160192
0.50244
0.506456
0.142789
0.648799
0.269515
0.253451
0.718855
0.526536
0.746967
0.604177
0.458264
0.0615779
0.238726
0.393117
0.606408
0.48236
0.224893
0.25479
0.154837
0.107984
0.090582
0.673787
0.574727
0.259698
0.248543
0.159299
0.0611317
0.354742
0.622918
0.400703
0.0504225
0.294057
0.601946
0.450679
0.596592
0.669325
0.374376
0.219092
0.0749644
0.238726
0.195889
0.648353
0.531444
0.0776417
0.381515
0.699221
0.705468
0.622918
0.179379
0.19455
0.326184
0.759907
0.595699
0.248096
0.276654
0.627827
0.598376
0.666201
0.607747
0.532336
0.12851
0.0678249
0.130295
0.757676
0.734919
0.320384
0.738042
0.575619
0.731795
0.504225
0.125387
0.0285579
0.616671
0.697437
0.206598
0.358312
0.477898
0.590791
0.0490838
0.380623
0.691636
0.231586
0.629165
0.164654
0.184734
0.660847
0.12851
0.443093
0.63809
0.637644
0.608639
0.747413
0.457372
0.580974
0.652369
0.695205
0.429707
0.389547
0.544384
0.123602
0.198566
0.686281
0.312798
0.455587
0.370806
0.484145
0.176256
0.279778
0.36322
0.317706
0.581866
0.704576
0.464511
0.374376
0.7077
0.520735
0.377945
0.247204
0.177148
0.626042
0.722871
0.68762
0.159746
0.382408
0.428368
0.520289
0.0406057
0.375268
0.650138
0.552416
0.156622
0.172686
0.187411
0.751429
0.73358
0.152606
0.291826
0.205706
0.0218646
0.470759
0.0691636
0.657277
0.381961
0.0821039
0.118247
0.295395
0.537691
0.256575
0.758568
0.241403
0.678249
0.0954904
0.323953
0.664417
0.399364
0.510472
0.280224
0.510472
0.520289
0.441308
0.139666
0.741612
0.754999
0.130295
0.448001
0.641213
0.667094
0.343587
0.232925
0.588114
0.146359
0.23828
0.294949
0.698775
0.64746
0.609532
0.735365
0.189196
0.283348
0.382854
0.742058
0.41275
0.754552
0.739381
0.125387
0.524751
0.63095
0.257467
0.641213
0.394902
0.218646
0.441754
0.0861198
0.149929
0.681373
0.230694
0.196782
0.694759
0.123156
0.22757
0.676911
0.626488
0.197674
0.552862
0.628273
0.725548
0.494408
0.0374822
0.107984
0.483699
0.208829
0.187857
0.82907
0.298965
0.514042
0.0548846
0.0539922
0.3833
0.584098
0.635412
0.568926
0.0406057
0.676911
0.382854
0.664417
0.241403
0.576958
0.739827
0.727333
0.618902
0.427029
0.573388
0.241403
0.199459
0.697437
0.541707
0.516273
0.599269
0.399364
0.709038
0.604177
0.493962
0.03302
0.314583
0.696098
0.527874
0.420336
0.43283
0.158853
0.428814
0.484591
0.0133865
0.550185
0.182949
0.548846
0.640767
0.709038
0.636305
0.166439
0.0111554
0.169562
0.0584544
0.327969
0.228463
0.446663
0.328415
0.702791
0.603285
0.559109
0.756337
0.493516
0.277101
0.667094
0.104415
0.642998
0.280224
0.647907
0.372591
0.506456
0.14859
0.348495
0.197228
0.109769
0.208383
0.128064
0.122263
0.335555
0.0232033
0.711716
0.109323
0.631843
0.070056
0.746074
0.0696098
0.397133
0.78668
0.407396
0.146359
0.28424
0.670664
0.713947
0.329308
0.162869
0.673341
0.684943
0.228017
0.302089
0.777756
0.649691
0.45648
0.729564
0.425244
0.565356
0.595699
0.577404
0.584544
0.0437292
0.470759
0.311013
0.790696
0.546169
0.502886
0.178487
0.459603
0.73001
0.32083
0.412304
0.0182949
0.576066
0.596145
0.344479
0.63452
0.417213
0.39981
0.477006
0.600161
0.73715
0.373037
0.643891
0.21463
0.524751
0.139666
0.719747
0.138773
0.731795
0.589898
0.40695
0.426137
0.342694
0.190981
0.50601
0.571603
0.519396
0.771509
0.270853
0.533229
0.452464
0.483699
0.564464
0.740273
0.446663
0.646122
0.743397
0.587221
0.72064
0.0785341
0.181164
0.509133
0.0959366
0.35385
0.472543
0.0651476
0.0325738
0.16153
0.836656
0.68762
0.442647
0.268622
0.37036
0.421675
0.136096
0.459603
0.235602
0.734473
0.414089
0.499316
0.324846
0.555093
0.37036
0.670664
0.334662
0.685835
0.760799
0.360543
0.341356
0.547954
0.302981
0.631843
0.123156
0.695652
0.278439
0.281563
0.0455141
0.710377
0.151714
0.715285
0.268622
0.400256
0.0624703
0.733134
0.689851
0.239618
0.628273
0.0847812
0.170455
0.685835
0.0870122
0.294949
0.452017
0.324399
0.193658
0.755445
0.608193
0.615333
0.340017
0.216415
0.785341
0.197228
0.401149
0.37393
0.516273
0.33734
0.240511
0.197674
0.661293
0.345372
0.435507
0.195443
0.146359
0.585436
0.026773
0.483253
0.517611
0.522073
0.636305
0.249435
0.55554
0.247204
0.660401
0.710823
0.390886
0.386424
0.577404
0.495747
0.606408
0.476559
0.741166
0.171347
0.782218
0.725548
0.683604
0.653707
0.716624
0.195443
0.101291
0.295842
0.409181
0.800513
0.821039
0.135204
0.380623
0.134757
0.585882
0.683604
0.360543
0.151267
0.47879
0.0151714
0.11914
0.742951
0.224893
0.197674
0.673787
0.631397
0.273085
0.0272192
0.567141
0.0116016
0.480575
0.606855
0.685835
0.349834
0.181164
0.202582
0.0771955
0.622472
0.747413
0.7135
0.749198
0.685835
0.378392
0.794266
0.544384
0.688066
0.136096
0.520735
0.756337
0.344479
0.0406057
0.0388208
0.631843
0.349834
0.262375
0.613994
0.741166
0.0232033
0.566695
0.192766
0.676018
0.714839
0.585436
0.547062
0.77374
0.47299
0.539476
0.506456
0.661293
0.759014
0.356527
0.415428
0.69699
0.764369
0.715285
0.645675
0.26773
0.189642
0.548846
0.217754
0.663524
0.544384
0.475667
0.147251
0.334662
0.768385
0.21463
0.57205
0.375268
0.726441
0.716178
0.583651
0.426583
0.504225
0.457818
0.499316
0.492623
0.401595
0.762138
0.69699
0.026773
0.141451
0.194104
0.686281
0.199459
0.344925
0.186072
0.172686
0.749644
0.121817
0.109323
0.707253
0.374822
0.23471
0.25122
0.302089
0.696098
0.0624703
0.606855
0.613102
0.637197
0.57205
0.640321
0.48236
0.624257
0.662185
0.703684
0.022757
0.320384
0.794266
0.463619
0.0727333
0.450233
0.325292
0.576958
0.789357
0.375268
0.470312
0.110216
0.297626
0.725102
0.109323
0.184734
0.679588
0.273977
0.570711
0.261483
0.115124
0.757676
0.131188
0.761246
0.764369
0.402041
0.236495
0.196335
0.363667
0.277993
0.277101
0.496193
0.114231
0.711716
0.411858
0.46228
0.643891
0.404272
0.733134
0.513149
0.170901
0.689851
0.262375
0.688066
0.585436
0.00981677
0.756783
0.429707
0.788019
0.151267
0.514488
0.519396
0.706807
0.153945
0.676018
0.388655
0.308336
0.110216
0.641213
0.187857
0.263268
0.228463
0.411412
0.610424
0.226232
0.0977214
0.344033
0.219539
0.633628
0.657277
0.141897
0.6546
0.151267
0.283794
0.756783
0.437292
0.46585
0.805867
0.059793
0.326184
0.406057
0.237387
0.629165
0.460942
0.525197
0.109323
0.760353
0.326184
0.310567
0.689851
0.446217
0.645229
0.340909
0.662185
0.68762
0.521627
0.00981677
0.307443
0.455141
0.688512
0.686727
0.404718
0.0352511
0.667094
0.401595
0.468974
0.404272
0.435061
0.697437
0.741612
0.365898
0.378838
0.136542
0.369914
0.213292
0.178487
0.38687
0.126279
0.281563
0.460496
0.283348
0.215076
0.191873
0.268176
0.524305
0.289595
0.0120478
0.0298965
0.305212
0.665309
0.769277
0.376607
0.594361
0.244973
0.402487
0.153499
0.371698
0.294949
0.629165
0.549739
0.506902
0.233818
0.0771955
0.574281
0.510472
0.15573
0.108431
0.516719
0.671556
0.691636
0.237833
0.741166
0.0138327
0.542153
0.708592
0.394009
0.536799
0.287364
0.507795
0.419444
0.248543
0.570265
0.268176
0.63809
0.575619
0.36679
0.657277
0.137435
0.0767493
0.338232
0.611763
0.702791
0.0856736
0.723763
0.308782
0.246312
0.74072
0.753214
0.415428
0.0191873
0.136989
0.0111554
0.501101
0.346264
0.340463
0.286917
0.467635
0.0182949
0.146805
0.662632
0.2182
0.763477
0.404718
0.769277
0.282455
0.617118
0.158407
0.277547
0.593468
0.530552
0.398918
0.473882
0.618456
0.738935
0.0937055
0.0678249
0.385531
0.568034
0.0236495
0.0142789
0.415428
0.411858
0.77017
0.360543
0.560894
0.0490838
0.414089
0.571157
0.30432
0.601946
0.712162
0.606408
0.566695
0.642998
0.486376
0.0633628
0.589898
0.44577
0.352065
0.0410519
0.660847
0.209276
0.0544384
0.497532
0.610871
0.586329
0.132526
0.0883509
0.447109
0.418997
0.693867
0.743843
0.509133
0.100845
0.307443
0.73001
0.490838
0.605516
0.484145
0.721532
0.603285
0.701453
0.696544
0.525643
0.0892433
0.678695
0.689405
0.549293
0.0852274
0.496193
0.197674
0.652815
0.404272
0.184734
0.661739
0.611317
0.569372
0.236495
0.584544
0.493962
0.519396
0.552416
0.424352
0.690743
0.725548
0.584544
0.446217
0.760353
0.648799
0.621134
0.0713947
0.170009
0.626934
0.57205
0.228463
