100
0.0133866
0.00892437
0.0196336
0.00847815
0.0200798
0.014279
0.0107092
0.0116017
0.018295
0.0160639
0.0205261
0.0129403
0.00937059
0.0071395
0.0160639
0.0120479
0.00803193
0.0124941
0.0133866
0.014279
0.0120479
0.00981681
0.00669328
0.0107092
0.00624706
0.0165101
0.00847815
0.0187412
0.00892437
0.0214185
0.0138328
0.014279
0.0156177
0.0138328
0.0138328
0.0196336
0.0124941
0.0138328
0.0107092
0.018295
0.0249882
0.00580084
0.00892437
0.00892437
0.010263
0.014279
0.0129403
0.00892437
0.00803193
0.00580084
0.0138328
0.0133866
0.0129403
0.0116017
0.0147252
0.0129403
0.0111555
0.0124941
0.00892437
0.014279
0.00803193
0.00624706
0.0116017
0.0124941
0.010263
0.00758572
0.00937059
0.00580084
0.0120479
0.00803193
0.0071395
0.018295
0.0124941
0.0151714
0.0116017
0.0107092
0.0111555
0.0111555
0.0165101
0.00981681
0.00580084
0.0071395
0.0120479
0.0133866
0.00981681
0.0133866
0.014279
0.00892437
0.024542
0.0129403
0.00624706
0.0107092
0.00803193
0.0111555
0.014279
0.0107092
0.00758572
0.00624706
0.00535462
0.0196336