100
0.120033
0.100845
0.128065
0.0861202
0.0464067
0.0464067
0.149483
0.0771958
0.0861202
0.0330202
0.0977219
0.149929
0.014279
0.0789807
0.00758572
0.057116
0.0240958
0.0954908
0.0829967
0.0660404
0.110662
0.128957
0.108877
0.0218647
0.122264
0.00937059
0.067379
0.0794269
0.124049
0.130742
0.128511
0.120925
0.0414983
0.136543
0.10977
0.0798731
0.123603
0.118248
0.0124941
0.126726
0.0664866
0.0655941
0.0548849
0.0236496
0.0945983
0.125387
0.0700563
0.0272193
0.0281118
0.0196336
0.0945983
0.0669328
0.0887975
0.0722874
0.0522076
0.0178487
0.0691639
0.0821042
0.0771958
0.0124941
0.0847815
0.081658
0.0624706
0.0669328
0.0455143
0.024542
0.0758572
0.131188
0.0615782
0.119587
0.0669328
0.014279
0.0236496
0.0071395
0.0803193
0.0406059
0.0370361
0.046853
0.0575622
0.133866
0.0459605
0.115571
0.0499765
0.127172
0.0165101
0.0887975
0.134758
0.00937059
0.0990605
0.12271
0.00758572
0.0771958
0.0486378
0.0669328
0.0651479
0.0481916
0.0611319
0.010263
0.115124
0.0432832