5000
1.52249
1.59924
1.5158
1.14008
0.825501
1.31634
0.652815
0.322615
1.49393
0.169116
0.153052
1.51178
0.801405
0.223555
1.59924
0.7666
1.20568
1.40781
0.25479
0.825501
1.35025
0.692974
1.54614
0.37973
0.749198
0.020526
0.681373
0.422567
1.64386
0.893772
1.50375
0.738935
2.07669
1.42075
1.21416
1.29671
1.20389
1.59746
0.529213
0.240511
0.72421
0.589898
0.410966
0.641213
0.52252
0.0722871
1.20791
0.673341
0.960258
1.04013
1.00934
0.177594
1.15927
0.200351
1.07047
0.0441754
1.22442
0.610871
0.175363
1.09948
0.427476
1.49706
0.506456
1.07137
1.00979
1.07851
1.43593
1.34668
0.844242
0.426583
1.08208
1.03611
0.359651
0.0294503
0.824162
0.375268
0.682711
0.0548846
0.801405
0.976768
1.03745
0.122263
1.68893
1.15972
1.24539
1.08743
0.0174024
0.506456
0.351619
0.41632
1.37479
0.35385
1.38372
1.51848
1.42968
0.881278
1.32392
1.00979
0.730903
0.255682
0.850489
1.63003
0.573388
1.32035
0.916975
0.640767
0.243634
1.44128
1.19229
0.475667
1.07092
0.394009
1.40647
0.831302
0.540368
0.62158
1.11376
1.61218
0.275316
0.422567
1.55953
0.221323
1.21951
0.857182
1.00622
0.302089
0.418551
1.5091
0.725994
1.29537
1.15481
1.60236
1.4212
0.667986
0.660847
1.06378
0.838441
1.52472
1.78888
1.27886
1.60995
0.576512
1.21728
1.74515
1.19854
0.540815
0.808098
0.606855
1.06869
1.18337
1.10796
1.44619
0.127618
0.0910282
0.298519
0.0459603
0.33377
1.49438
1.2204
0.0249881
1.06557
1.34043
0.493516
1.1258
1.32839
0.453802
1.27573
1.30384
1.50598
1.41986
1.40469
1.04325
0.467189
0.820146
1.49795
1.13919
0.75009
1.43057
0.404272
0.662185
1.30251
1.28778
0.933485
1.09457
1.46627
0.950888
1.28421
0.0151714
1.19541
1.03478
0.524751
0.384193
0.20169
1.31054
0.887525
0.608639
0.882616
1.53855
0.0191873
0.434169
1.20746
0.25479
0.875923
1.50955
0.569819
0.638982
0.574727
0.949549
1.0196
0.131188
0.789803
1.38863
0.174917
0.862537
0.891095
0.0691636
0.709484
0.781325
0.663524
0.801851
0.663524
1.55283
0.385531
0.142343
0.995509
0.668879
0.0272192
0.296288
1.50866
0.408288
1.07092
1.11599
1.37524
0.795604
1.42298
0.424798
1.55953
0.969182
0.759461
0.151714
1.47965
0.707253
0.467635
1.0495
0.120032
1.05753
1.27439
1.29626
1.50777
0.129849
0.689405
0.533229
0.722871
1.64163
0.0736257
0.691636
1.42165
1.3864
0.0182949
0.368129
1.46984
1.37747
1.51089
1.53008
0.478344
0.697883
0.365005
1.41094
0.315921
0.327969
0.96829
0.992832
1.22174
0.670217
1.00666
1.42834
0.489053
1.62958
1.58362
0.0365898
0.325292
0.179379
1.58987
1.14142
0.660847
1.57247
0.213738
1.06869
1.46627
1.21817
1.44306
0.962935
1.33999
0.224893
0.356527
0.409181
0.627381
0.952226
0.314583
1.203
0.895557
0.291379
0.616671
1.57782
0.378838
1.4859
1.58452
0.603731
1.77996
1.07672
1.48367
1.2271
0.0124941
0.916529
1.05619
0.315475
1.30518
0.43283
1.3092
1.31366
1.10796
1.7746
1.04638
1.30161
1.30161
0.754552
0.492177
0.37393
0.532783
1.47921
0.915637
0.954011
1.38907
1.15079
0.199905
1.1209
0.136542
0.72421
1.66974
0.754552
0.680927
1.5448
0.90582
0.51538
0.520289
0.947318
0.010263
0.543492
0.141004
1.19006
0.824608
0.311013
0.826839
0.394009
1.70856
1.36364
1.15704
0.0977214
1.17667
1.45556
1.28555
0.35028
1.55506
1.02139
0.488161
0.497532
1.0678
1.14231
1.02585
1.02541
1.31143
1.61441
1.31812
0.168224
0.125833
0.125833
0.684496
1.30875
0.650138
1.69919
0.570265
1.18247
0.402487
0.840226
0.631843
1.12
0.963382
1.54659
1.01693
1.25833
0.732241
1.55283
1.15213
0.417213
1.36185
1.35248
1.62021
0.475667
0.154391
0.316368
0.36322
0.860306
0.117355
0.110216
1.81521
0.265945
0.748305
1.61263
1.49081
0.905374
0.953119
1.33017
0.541707
0.762138
1.29626
1.60415
0.676911
1.20657
0.763923
1.49706
0.128957
0.344925
0.442647
1.62244
0.8197
1.32883
1.46538
1.31991
1.51178
0.359651
1.59076
0.319937
1.6983
1.22442
1.01023
0.902696
1.36587
0.736704
0.347603
1.37881
1.76345
0.422121
0.124494
0.579635
1.46984
1.60459
0.686281
1.61977
1.55462
0.747413
0.982123
0.7666
0.989262
1.20077
0.0771955
0.393563
1.1557
1.18515
0.329308
1.11376
1.49795
0.156622
0.922776
0.124048
1.72597
0.708146
0.0785341
0.394902
1.08565
0.198566
1.43816
0.249881
0.787572
0.780433
1.12714
1.23022
0.889756
1.54837
1.63226
1.28287
0.613102
0.504225
0.623365
1.63851
0.498424
1.28867
0.555093
0.868338
0.282009
1.37569
0.173132
0.531444
1.33776
1.14856
1.02674
1.2802
0.660401
1.54346
1.66216
1.30474
0.719301
1.27529
1.57425
1.15079
0.251666
1.68759
1.57157
0.240065
0.994617
1.64252
0.873246
0.403826
1.62557
0.404718
0.101291
1.28823
1.11867
1.1441
0.919206
1.25788
0.170009
0.446217
1.2204
1.62958
0.393563
1.30786
0.159299
1.37881
1.46716
1.16909
1.58273
0.740273
0.137435
1.57113
0.209276
0.413197
1.39621
0.537691
1.48724
0.241403
0.355188
1.46404
0.0575619
1.65814
0.238726
1.87946
1.12447
1.00399
1.21505
1.36676
0.787572
0.723763
0.0151714
1.46984
1.14678
0.109323
0.390886
1.2793
1.51312
0.628273
1.39041
1.21639
0.598823
1.36185
1.63583
0.274869
0.0767493
1.59924
1.18872
0.841118
0.978999
1.77951
1.13651
1.27752
0.673787
1.50732
0.159299
1.70053
0.64746
0.367236
1.30429
0.272192
0.94821
1.22977
0.0642552
0.176702
0.902696
0.681373
1.33106
1.35427
1.43593
0.856736
1.42566
0.7666
0.195443
0.929915
0.37973
0.36322
0.801851
0.804082
1.45333
1.3333
0.373483
1.13428
1.27306
0.382408
1.00399
1.57916
1.0611
0.810776
0.606408
0.754106
0.178933
0.967844
1.18917
0.792927
1.48813
0.933485
0.241849
1.49929
1.39666
1.10171
1.71079
1.32035
0.625596
1.09457
0.754552
0.589898
1.5573
1.42388
1.19541
1.39086
0.904481
1.52695
0.408734
0.0883509
1.25164
0.0129403
0.306997
0.851381
1.20166
0.00847812
0.238726
1.24628
0.811222
0.803636
0.360989
0.353404
0.076303
0.178933
1.4917
0.82327
0.692082
1.5689
0.646568
1.47028
0.550631
0.131188
0.896003
0.450679
0.738489
0.547062
0.756783
1.56354
1.29537
1.33508
0.597038
0.75366
0.0780879
0.455587
0.608193
0.0615779
1.47296
1.26681
0.88931
1.24896
1.50464
1.26012
0.551078
1.53008
0.292718
0.849596
0.311459
1.427
1.19497
1.00086
0.907605
0.917868
0.26416
0.246758
0.96829
0.868784
0.2182
1.47296
0.913405
0.90225
1.37122
0.377945
0.43283
0.353404
0.197674
0.845134
0.598823
0.431491
0.113339
0.186519
0.859413
0.395348
0.330647
0.645229
0.636305
0.551524
1.344
1.02585
0.638536
0.826393
0.590345
0.448448
0.718855
0.729118
1.39041
1.40558
1.49393
1.19408
0.283348
0.354296
1.49929
0.108431
1.13161
1.63672
1.40157
0.339125
0.385977
0.841118
1.45154
0.602392
0.285132
1.07583
0.675572
0.0522073
1.52204
0.986139
0.961597
0.244973
1.03522
0.833533
1.21371
1.56488
1.42165
1.64029
1.76479
1.29715
0.616225
1.05619
1.64029
1.63181
0.804529
0.231586
1.10171
0.608193
0.868338
1.46671
1.37479
0.0178487
1.00443
0.657723
0.354296
0.775524
1.64386
1.10483
1.46448
1.63672
1.18961
1.19497
0.977661
0.880385
0.865214
0.585882
1.46761
0.848704
0.896003
1.10662
1.70499
1.12268
1.11331
0.0107092
0.344479
1.60816
0.163315
0.648799
0.414535
0.534568
0.723317
0.187857
1.4502
0.542599
0.193212
1.41049
1.13473
1.22219
0.7666
0.856736
1.47519
0.244973
0.43997
0.827732
1.41852
0.644783
0.0785341
0.621134
0.291826
1.42655
0.141451
0.932593
0.680034
0.635412
1.32392
0.527874
1.57559
0.0397133
1.28689
0.0459603
0.604177
0.352511
0.949549
0.966505
0.561341
0.23471
1.5979
1.34043
0.267284
0.90582
1.73668
1.56845
0.846027
0.466296
1.20612
1.20791
1.08832
1.53632
0.600608
0.0513149
1.24584
1.52428
0.916975
0.2182
0.195889
0.0647014
0.674233
0.79962
1.51401
0.669771
0.229802
0.322615
1.51044
0.678695
0.56491
1.44039
0.79605
1.34936
1.22843
0.696098
0.593914
1.55506
0.730457
1.21728
0.582759
1.59344
1.11822
0.874585
1.14722
1.0611
1.32883
0.536352
0.626042
0.256575
0.62158
0.187857
1.50866
1.21683
1.60326
0.0499763
0.275762
0.685389
0.728672
1.63628
0.851381
1.49126
1.4859
0.315921
1.58764
1.50777
0.9848
1.16284
0.695205
1.22665
1.15793
1.11465
0.627827
0.576066
0.512703
1.42075
1.14812
0.261037
0.571603
0.547062
0.790696
0.667986
0.277993
1.51401
0.376607
1.23334
1.07984
0.853612
0.527874
0.253451
0.580082
1.49706
1.54212
1.30072
1.40157
1.09412
1.65323
0.0660401
0.911174
1.1972
1.0205
0.206152
0.388655
0.930808
1.41406
1.00533
0.18875
0.858967
0.565356
1.67242
0.89868
1.03745
1.29849
1.3208
0.0838887
0.644783
1.56265
1.02184
0.663524
0.871907
0.575619
0.859859
0.143682
0.795604
0.747413
0.294503
0.400703
1.01336
0.189196
0.547062
0.482806
0.810329
1.13874
1.22977
0.619795
0.118247
0.362328
0.561787
1.48367
1.05486
1.30206
1.24539
0.291379
1.05441
0.894664
0.384193
1.52517
0.718855
0.537691
1.67153
0.219985
1.21728
1.28064
0.126279
0.357866
0.706361
0.478344
1.4212
0.528767
0.518504
0.896003
1.6211
1.00622
0.199459
0.358758
1.38461
0.207045
0.63809
1.04995
0.281563
1.52829
0.172686
1.05263
0.818807
0.614887
1.17266
0.648353
0.0852274
1.51535
0.747859
0.184287
1.17444
1.18827
0.612209
1.33999
0.695652
0.753214
0.393563
0.0272192
1.48501
1.07092
1.35427
0.926792
1.344
0.593468
1.44485
0.46942
1.08788
0.886186
0.096829
1.56979
0.785787
0.0169562
1.11867
0.911174
0.507348
0.53189
1.26904
1.43325
1.63181
0.189642
1.18471
0.833979
1.14142
1.10796
1.01336
0.349834
1.26949
1.40781
1.44753
1.28332
0.260144
0.778202
0.654154
1.08921
0.0263268
1.5979
0.401149
1.01916
0.0281116
0.679588
1.28332
0.384639
0.594807
0.523412
1.35828
0.323953
1.27975
0.237833
0.546169
1.06512
0.31726
0.678695
1.36453
0.116909
1.11688
0.0240957
1.68715
1.56533
0.778202
1.4386
1.09278
0.917421
0.620241
0.0303427
0.543938
0.676018
0.611317
0.460496
1.13651
0.0874585
0.976322
1.61843
0.888417
0.510026
0.208829
0.324399
1.091
1.18515
0.533229
0.331539
0.500209
0.527874
1.40603
0.555986
0.230248
0.240065
1.01559
0.0829963
1.46091
1.37435
0.470312
0.93884
0.789357
1.65145
1.17266
1.00086
1.26056
0.183841
0.0477452
0.479237
0.125387
0.550631
1.36587
0.274869
1.28912
1.22486
1.70455
1.39532
1.35561
0.19812
0.026773
0.503779
0.414981
1.63717
0.131188
0.546615
0.160638
0.362774
1.61218
0.422567
1.59478
0.137435
1.58764
0.0847812
0.26416
1.18917
1.57693
0.497085
0.987477
0.904035
0.676464
0.17804
0.899573
1.40647
0.958027
0.794266
1.68402
0.292272
0.582759
1.18649
0.982123
0.495747
0.122263
0.958473
1.57202
1.13741
0.199905
1.65056
0.39624
0.464511
0.660847
1.26949
0.356527
1.30028
1.29938
0.957581
0.644337
0.381069
1.51267
0.374376
0.266391
1.67956
0.716624
0.78311
0.508687
1.53588
0.864322
1.51981
0.666648
1.37345
1.52785
0.363667
1.3623
1.26279
0.518504
0.418105
1.33285
0.761246
0.662185
0.222662
0.762584
1.36319
0.0490838
0.417213
1.15704
0.415428
0.421675
0.952226
1.54302
0.771062
0.84915
0.659508
0.949549
0.562233
0.881278
1.37212
0.159746
0.0977214
1.20791
1.44039
1.14633
1.63092
0.533675
1.67331
0.898234
0.444878
0.755891
1.48724
0.778202
1.3913
0.912513
1.48055
0.750536
1.09145
0.984354
1.41361
0.464958
0.897788
1.05352
1.02942
1.23468
0.684496
1.65636
1.14945
1.2976
1.11822
0.218646
1.50107
0.860306
0.527428
1.40514
0.0272192
0.787126
0.50244
1.43102
1.58318
1.6452
0.993724
1.39175
0.0780879
1.40469
0.821931
1.67153
1.62557
1.25164
0.230694
1.24985
1.05307
1.09948
1.28109
0.565803
0.89868
1.14767
0.0874585
0.786234
1.69384
0.0696098
0.99194
1.01648
0.593022
1.17533
0.839333
0.80676
0.642998
1.13785
0.391778
1.27529
0.464511
0.141004
1.29626
0.603731
0.137881
1.23245
0.805867
1.19586
1.3092
0.340463
1.50018
0.561787
1.24405
0.603731
0.289148
0.375268
0.0365898
1.27127
0.533675
0.40338
0.475221
1.04593
1.05753
1.43369
0.210614
0.73001
0.459603
0.470759
1.65056
0.892433
0.8728
1.59656
0.864768
1.21639
1.06735
0.178487
0.873246
0.406503
0.232033
1.18247
0.672895
1.52695
1.07003
0.0593468
1.60906
0.351619
0.660401
1.40067
1.07494
1.62735
0.884848
1.29581
1.53677
0.156622
1.41049
1.456
0.741166
0.291826
0.454695
1.062
0.726441
0.468974
1.07672
1.12357
1.29626
1.48233
1.10572
0.909836
1.22531
0.0383746
0.83978
0.522073
1.57916
1.01737
0.449786
0.929915
0.730903
0.135204
1.06289
0.0307889
0.957581
0.201244
1.47251
0.42926
1.31857
0.791142
1.25833
0.297626
0.636305
0.00758568
1.24271
0.556432
1.10974
1.73489
0.970967
1.19631
0.870569
1.48546
0.769724
1.39532
1.59299
0.393563
0.852274
0.336894
0.136542
0.522966
0.447109
0.564018
0.875477
1.26279
1.45467
0.953119
0.359204
0.452017
1.34579
1.14098
1.651
0.991493
1.12045
0.558217
0.15573
0.806313
1.40514
0.314583
1.35962
0.923222
0.363667
1.41451
0.810776
0.875477
0.206152
1.01202
0.769724
0.311013
1.1798
0.547062
1.5515
1.13339
0.695205
0.336894
1.315
0.43997
0.633181
0.493962
1.02407
1.74471
1.33151
0.541707
0.929023
0.94821
0.0107092
0.219985
0.508687
1.1972
0.340463
0.656385
1.2909
0.139666
0.847812
0.0325738
1.62512
1.39978
0.93884
1.15481
0.896449
1.344
1.21192
0.869676
1.13785
1.52472
0.948657
0.737596
0.887525
1.56577
1.41495
1.0495
1.37792
1.64163
1.03031
0.851381
0.720194
0.335555
0.780879
1.53499
0.368575
0.41632
0.232479
0.642106
1.62958
0.53546
1.77996
0.437739
1.53677
0.338232
1.32705
1.46225
0.0919206
0.250774
0.967398
1.58139
1.49661
1.2619
0.705022
0.742504
1.11465
0.442647
0.418551
1.61575
1.04682
0.824162
1.46314
1.622
0.460942
0.186519
0.644783
0.162869
0.411412
0.421675
1.5573
0.959812
0.693421
1.31143
0.308336
1.03433
0.346264
0.69119
0.670217
0.519396
0.691636
1.36364
0.926346
0.51181
0.651922
0.409181
1.29537
0.78668
0.250774
1.37926
0.143236
0.855843
0.554201
0.149483
1.14276
1.12134
1.72954
1.25565
0.576512
0.83978
0.429707
1.49126
1.67777
0.73715
1.38907
0.778202
0.645229
1.58808
0.755891
0.827732
1.10662
1.39309
1.04102
0.213738
1.18292
1.26949
0.259698
0.53189
1.52204
1.20077
0.842457
1.31455
1.24941
1.29626
0.307889
1.36721
1.4743
1.0852
0.652815
0.640767
0.492623
1.36007
1.23424
1.38595
1.65011
0.355188
0.987477
1.0196
0.808991
1.64654
0.0530998
0.103522
0.24408
0.712162
1.54882
0.746074
1.19229
1.22754
1.42655
1.02139
0.634074
0.693867
0.476559
0.158407
1.2793
0.780879
0.55554
0.518504
0.747413
0.562233
1.47073
0.862537
0.716178
1.30384
0.761692
0.0615779
1.67108
1.18426
1.12313
0.793819
0.302089
0.116909
1.43503
1.02362
0.779094
1.73712
0.794712
1.42566
1.32169
0.937055
0.180718
0.0999525
0.912513
0.162869
1.19184
0.994617
1.20077
1.41674
1.29224
1.58139
0.248543
1.30117
0.484591
1.15882
0.976322
0.762138
1.27707
0.813007
1.29626
0.745628
0.685389
1.008
1.52026
1.50152
0.886186
0.0530998
0.440416
1.25967
1.04549
1.07137
0.832194
1.1258
1.74069
0.410073
0.72064
1.19229
0.944194
0.539476
0.619795
0.694313
1.16552
1.61173
0.714839
0.706361
0.416766
1.58675
0.105753
0.443986
0.772847
0.4364
0.52832
0.310121
1.59924
0.747859
0.374376
0.665309
1.60058
0.414089
0.578297
1.39086
1.63538
1.69384
0.274869
0.711716
1.01514
0.480575
1.02317
0.265945
1.14098
1.58942
0.360989
1.25744
1.05575
1.42968
0.173132
0.182056
1.34088
0.519842
0.954011
1.5805
1.41094
1.20835
1.64966
1.14187
0.334216
0.284686
0.961597
0.565356
0.98123
1.15793
0.613102
1.56488
0.165993
1.17087
1.36632
0.6015
0.0156176
0.996402
1.07137
1.43503
0.812114
1.05352
0.711716
0.344479
0.364113
1.3739
0.883063
1.41361
0.607301
1.45734
1.31589
0.112447
1.4917
1.27975
0.785341
0.642552
1.34981
0.100399
0.427922
0.742058
0.813453
0.832194
1.5564
1.35694
1.14455
0.456033
0.592129
0.410073
0.633628
1.36007
0.824608
0.319491
1.26279
1.15258
0.533675
0.555986
0.228017
0.010263
0.826839
0.305658
0.144128
0.526982
1.58719
0.738489
1.22174
0.912959
0.200351
0.619795
1.3797
0.994617
1.33106
0.285132
0.146359
0.983015
0.459603
0.0584544
1.1731
1.35204
1.18069
0.554201
0.615779
1.1267
0.751429
0.445324
1.17801
1.59344
0.354296
1.48947
1.34802
0.909389
0.667094
0.187857
0.993724
0.901358
0.572496
0.68048
1.05486
0.923668
1.21549
0.916083
1.60058
0.277993
1.5921
1.15972
0.736704
0.430153
0.63452
0.83621
0.920545
0.811222
1.27127
1.03879
1.6162
1.25119
0.125833
1.49929
1.4984
0.501994
1.43637
1.17266
0.49887
0.214184
0.996402
1.62512
0.0669325
0.204813
0.255236
0.568034
0.639875
0.900019
0.142343
0.570711
0.517611
1.17623
1.60147
0.461834
0.492177
1.60727
1.24004
0.56848
0.808098
0.731349
0.153052
1.54391
0.65817
0.286471
1.5921
0.567141
1.64208
0.888417
0.462727
1.50687
0.635859
0.554201
0.508241
1.49393
0.240511
1.73087
1.47207
1.22977
1.56979
0.741612
0.655046
1.66751
0.210614
0.24408
1.13205
1.5448
1.52829
1.03879
0.716178
0.707253
1.67242
0.731795
0.278885
1.14187
0.256128
0.0486376
0.121817
0.817023
1.04772
1.33151
0.2713
1.28332
0.13922
1.008
1.05843
0.275762
0.407396
0.48236
0.188303
0.421675
0.208383
0.513149
0.845134
1.43414
0.831302
1.63761
1.47787
0.982123
0.750536
0.711716
1.38996
0.456926
0.651922
0.294057
1.6742
0.623811
0.90225
1.43593
0.316368
1.3324
0.617118
1.38907
0.835764
0.772847
1.09412
1.11153
0.824162
0.195889
1.56399
1.60638
0.665755
0.866999
1.58362
0.512703
1.41451
0.415874
1.60683
1.18247
1.35471
1.32749
1.26547
0.076303
1.60459
0.207045
0.257913
1.63583
0.21463
0.522073
0.415874
0.73001
0.937055
0.937947
0.788465
0.339571
1.52829
1.35248
0.153052
0.751429
1.45377
0.416766
1.08029
0.0120478
0.833086
0.829517
0.320384
0.649691
1.14499
1.6153
1.20032
0.655046
1.03031
1.1682
0.158853
1.1325
1.07627
1.60906
1.37836
1.05084
0.567141
1.81075
0.0365898
1.70946
0.378392
1.00533
0.958473
0.527428
0.9317
1.0147
1.31098
0.125387
0.773293
0.983908
0.898234
1.13027
1.57202
1.50241
0.187857
0.484591
1.57782
1.03611
1.42031
1.77728
0.758122
0.418551
0.989262
0.604624
0.33734
0.157068
0.738042
0.202582
1.10885
0.976322
1.37524
1.07092
1.37613
1.30563
1.25699
0.707253
0.626042
0.237387
1.54168
1.1914
1.08163
1.09412
0.0678249
0.808545
1.41361
1.62155
0.393117
1.29314
1.07717
1.12759
0.615333
0.706361
1.46627
0.828178
0.34671
0.190981
0.276654
0.245419
1.64966
1.45422
0.456033
1.52785
1.2802
0.141451
0.867445
0.987477
0.861198
1.39844
1.34356
1.39577
0.240065
0.0615779
1.54659
1.52874
0.200797
1.12223
0.175809
0.42926
0.388208
0.198566
0.705915
0.28781
0.204813
1.52204
1.25922
0.78311
1.21906
0.458264
0.726887
0.273531
0.624257
0.689405
1.02273
0.761246
1.12982
1.63672
1.6037
1.10617
1.66394
1.71526
0.518504
1.26324
1.49616
1.16864
0.271746
0.116909
1.0196
0.388655
0.323953
1.57202
0.883509
0.836656
1.28332
0.21106
0.086566
0.6015
1.31054
1.52115
0.935716
1.69205
0.0959366
1.17266
1.1441
1.4801
1.06289
1.48099
0.666201
0.568926
0.18875
1.07627
0.858967
0.645675
1.15302
1.17578
1.39086
0.701006
0.0682711
0.805421
1.14231
0.340463
0.408288
0.661293
0.988816
1.40112
1.27975
1.16061
0.0972752
0.242296
0.503779
0.53903
0.65817
1.23468
0.929023
1.27886
0.824162
0.781772
1.40647
1.26949
0.255236
0.772847
0.799174
1.38684
0.63095
1.32125
0.856736
0.210168
0.478344
0.75009
0.974537
1.19095
0.833533
0.897788
1.27573
0.73358
0.022757
0.965613
0.924561
0.0758568
0.874585
0.995063
1.59612
1.13071
1.4096
1.2387
0.636305
1.60415
0.56848
0.505563
1.57782
1.55283
1.54882
0.898234
1.5631
1.49304
1.18515
0.661293
1.49126
0.459603
1.56979
1.16463
0.0477452
1.2561
0.499763
0.410519
0.696544
1.63405
1.17132
1.57693
1.0138
0.876816
0.752321
1.2445
0.732688
0.142343
0.961151
1.42343
1.6336
1.67197
0.37393
0.507795
1.05709
1.07672
1.22263
0.921884
0.258806
1.1209
0.374376
0.578743
0.496193
0.1651
1.18917
0.584544
0.93527
1.76702
0.676018
1.56265
0.628273
1.19051
0.909389
0.808098
0.86923
1.35248
1.37479
1.8393
0.891095
1.14678
1.23513
1.41451
0.243634
1.07627
0.174471
1.39577
1.49795
0.0437292
1.08163
0.438631
1.55462
0.960258
0.970521
1.43949
0.977661
0.170901
1.59612
0.609532
1.03611
1.26101
0.494854
0.812114
0.657723
1.53008
0.989708
1.71213
1.30741
0.413643
1.20657
0.267284
0.653261
0.603731
1.42522
1.24048
0.17804
0.275762
1.34133
1.31366
0.871461
0.404272
0.481468
0.883955
1.15392
1.44574
0.11914
0.276208
1.27573
1.56176
0.395794
0.127618
0.807206
1.67019
0.63095
1.42789
0.566249
1.35784
0.306997
0.291379
1.3864
0.763477
0.464511
0.184734
0.467635
0.352511
0.140112
1.13071
0.160638
1.66974
1.42879
1.2146
0.558663
0.631843
0.140112
0.656385
0.208383
0.443986
0.0678249
1.65457
1.55417
0.295395
1.59032
1.39978
0.0196335
1.11153
1.55953
0.688958
1.62467
0.194997
0.682711
0.661293
0.808545
0.0709484
1.58585
0.0258806
1.22888
1.01068
1.21148
1.20523
0.778202
1.19586
0.525197
0.882616
0.35385
1.63717
0.657277
0.0325738
0.554201
0.9317
1.56042
0.23471
1.22397
1.26324
0.781325
0.782664
0.134311
0.502886
0.391332
1.07538
0.888417
0.147251
0.45291
1.61129
1.34891
0.0437292
0.512257
0.594807
0.525643
0.714839
1.2088
1.51401
1.21416
0.794712
0.221323
1.44797
0.441754
0.481914
0.406503
1.48858
0.252559
1.45199
0.0441754
0.330647
1.49126
0.255682
0.554647
0.779987
1.07003
0.774186
1.27707
0.66397
1.53677
0.365451
1.27573
0.916975
0.690297
0.114678
0.434169
0.765708
1.4154
1.33954
0.298519
0.771509
1.5332
1.11554
0.306105
0.532336
0.527428
0.344925
1.31322
1.24405
1.45154
0.945533
1.02808
0.268622
1.24985
0.526982
1.21505
1.30206
0.913852
0.158853
1.56622
1.651
1.51669
1.41138
1.15927
0.215969
0.408288
0.649691
1.22888
0.182949
0.425691
0.334216
1.64832
1.52829
0.583651
0.977214
0.745628
0.282455
0.178487
0.438185
1.66305
1.64118
0.587221
1.42477
0.916083
1.18337
1.10349
0.683158
0.527428
0.369021
0.743843
1.35739
0.584098
0.0490838
1.12268
0.0365898
1.22486
1.63405
1.61843
1.31723
1.16686
1.44574
1.58719
0.1651
1.88348
0.908497
0.602839
0.803636
1.3266
0.285579
1.31768
0.762138
1.53365
0.613102
1.19408
1.42923
1.46538
0.784895
0.937501
0.134757
0.362328
1.18024
0.945979
1.51803
0.443986
1.12536
0.219539
1.54926
1.22174
1.15302
0.48236
1.56533
0.206598
1.09725
1.48858
1.5274
1.17043
1.37033
1.32348
0.248096
0.594807
1.00979
0.497978
1.04147
0.0879047
0.310121
1.22085
0.200351
1.72954
0.792927
1.19229
0.385085
0.230694
0.241849
1.0611
1.32883
0.513149
1.39353
0.602839
0.627381
1.3382
0.274869
1.29938
0.142343
0.510472
0.879939
1.26547
1.5564
0.639875
0.777309
0.145913
0.176702
1.32749
1.55551
0.0365898
0.498424
1.23602
1.50509
1.53945
0.162869
1.6925
1.48456
0.0789803
1.03924
0.762584
1.59076
1.13116
0.0771955
1.00979
1.36275
1.15525
0.828624
0.564464
1.19675
0.813007
0.747413
1.37078
0.839333
0.139666
1.03478
0.783556
1.63672
0.0642552
0.0191873
0.580082
0.00580082
0.850489
0.125387
1.54569
0.435954
1.14678
1.12491
0.0218646
0.414535
0.375268
0.169116
0.668432
0.725102
0.0718409
1.08208
0.530552
0.482806
1.63985
1.74515
0.577851
1.47118
0.0669325
1.18738
0.949995
0.886186
1.01916
1.33642
0.784003
0.905374
1.34088
0.187411
1.33508
1.55774
1.61263
0.954011
0.409181
0.600161
0.598823
0.566249
0.716178
0.0151714
1.11733
0.904927
1.53989
1.44083
0.925899
0.7666
1.09814
1.56979
0.945087
1.50777
0.70056
1.33686
1.0205
1.22353
0.860306
0.405165
0.672895
0.474774
0.471205
0.145467
1.52963
1.28243
1.58452
1.32973
0.608639
0.88574
0.822377
0.787572
1.00711
1.35114
0.539476
0.498424
1.40469
0.908051
1.6452
1.58719
1.48769
0.427029
1.25253
0.483253
0.362328
0.75009
0.622026
0.645229
1.21996
1.53365
0.501101
0.994171
0.483699
0.580528
0.578743
0.858075
1.00934
0.131634
1.18783
1.06512
0.126726
0.77374
0.298519
1.46047
0.304766
0.28424
0.843796
0.415874
0.914298
0.750983
0.176702
1.65056
0.7077
1.50821
1.26859
0.566695
1.12402
1.07895
0.538137
0.838887
1.16195
0.863875
0.919206
0.472097
1.44887
1.64074
0.957581
0.755445
0.278439
0.768831
1.06958
1.44396
1.11643
0.376161
0.28781
1.13205
0.0941517
0.962935
0.978999
1.26324
0.0365898
0.2713
1.1499
1.37792
1.14499
0.824162
0.0240957
0.609978
1.01514
1.58407
0.63452
0.426137
0.727333
1.58095
1.25521
1.35918
0.575173
0.752321
0.223108
1.15347
0.106646
1.40871
0.802744
0.459603
0.136989
0.343141
0.364559
0.231586
1.43682
0.952672
0.391778
0.219092
0.466296
0.344033
0.591683
0.361882
1.33686
0.48593
1.6211
0.909836
0.24408
1.43503
0.585882
1.63985
0.668879
0.258806
1.59478
0.2713
0.23828
0.665309
0.248096
1.45824
1.03255
0.601946
0.275762
0.488161
0.875477
1.4685
0.531444
0.916529
0.344479
1.44887
1.27707
1.41049
0.695205
0.573388
0.724656
0.855397
1.28287
1.12625
0.765708
1.66751
1.03835
1.20612
0.307889
0.063809
1.60281
1.23691
0.156176
0.0504225
1.62958
0.793819
1.08029
1.61754
0.42346
1.21906
0.636305
1.14499
0.174471
1.47385
0.2182
0.942409
0.261037
0.539922
1.36007
1.31277
0.640321
1.23379
1.45333
0.772847
1.1441
0.35385
0.422567
0.149929
1.63672
1.71838
0.183395
1.06824
0.240511
0.0780879
1.06244
0.676464
1.27261
1.03388
0.561341
0.437739
0.39981
0.94821
0.0870122
0.0490838
1.11376
0.521627
0.257021
0.292718
0.126726
1.13741
1.60593
0.365898
0.571157
0.718855
0.771062
1.72998
0.314136
1.56265
0.594361
0.961597
1.46359
1.16239
0.255682
0.228909
1.37212
1.23691
0.358758
1.72463
1.62646
1.27663
1.43102
0.322615
1.31009
0.952226
0.23828
1.07761
1.01916
0.540368
0.921884
1.1972
0.222662
0.881724
0.813453
1.4502
1.38416
0.58856
1.12893
0.718409
1.07404
0.0847812
1.09412
1.35114
0.630504
0.821485
0.574281
0.950441
1.28198
1.62021
0.379284
0.621134
1.20523
1.00979
1.53855
1.36498
1.50286
0.782218
1.11867
1.11643
0.438631
0.390886
1.56176
1.4038
1.63717
0.10263
0.385531
0.597484
0.832194
1.07851
0.989262
1.60772
1.42477
0.842457
0.0455141
1.41495
0.392671
1.12625
1.18604
0.302981
1.08341
1.31634
0.903589
0.304766
1.61843
0.120032
0.102184
0.162423
1.18827
0.286471
1.11376
0.801405
0.235156
1.54034
1.3208
0.642998
1.90267
1.56265
1.36498
1.37836
1.23959
0.348941
1.19541
1.01648
1.2802
0.742951
1.54703
1.33196
1.4212
0.765708
0.308782
0.182056
0.636305
0.769724
0.100399
0.544384
1.52428
1.18783
0.0611317
0.275762
0.925007
0.801851
0.695652
1.2619
1.46805
0.250328
0.665755
1.10572
1.41585
0.275762
0.0508687
0.797389
1.31723
1.54034
1.28555
0.46228
1.24718
1.18337
0.259698
0.197674
0.930808
0.79962
1.35159
0.853166
1.46582
0.709038
0.523858
1.28555
1.41629
1.14544
0.504225
1.15035
0.0776417
0.727779
0.51895
1.60415
1.59924
1.47965
0.123156
1.53052
0.483699
1.32883
0.397133
0.308336
1.4917
1.33954
0.569372
1.47876
1.36185
1.45824
0.370806
1.51848
0.817023
1.11242
0.646122
1.00443
0.798282
1.36275
0.327523
0.854059
0.133865
1.30741
0.345818
0.270407
1.2387
1.42968
1.28332
1.53409
0.925899
1.20925
0.523858
0.543046
0.367236
1.37658
1.33106
1.24762
0.823716
0.0196335
0.712162
1.19095
1.58808
1.65011
0.944641
1.68447
0.540815
1.30563
0.672895
0.627381
0.399364
1.39487
1.3208
1.45779
0.831302
1.12982
1.39353
0.223108
1.03522
1.4984
0.208829
0.184734
0.962043
0.655046
0.500209
1.27752
0.379284
1.10885
1.38863
0.467189
0.0281116
1.24539
0.120478
1.24896
1.56131
1.67153
1.09457
0.280224
0.944194
0.261929
0.822823
1.4917
0.546169
1.44351
1.68581
0.635412
1.062
0.388208
1.32214
0.542599
1.56354
1.62601
0.53903
0.534568
0.294949
0.189642
1.18292
1.44083
0.0584544
0.180718
0.749198
0.03302
0.53903
0.828178
0.460049
0.642998
1.08788
0.11557
1.40201
0.192766
0.2713
1.12313
0.50244
0.0937055
0.0214184
0.678695
1.24093
1.52204
0.599269
0.831748
1.69785
0.758122
1.08118
1.42075
1.51312
1.7157
1.68938
0.914744
0.701453
0.166439
1.67108
1.59567
1.30875
0.785787
0.886632
0.706361
1.00354
1.61887
0.51538
0.509579
0.116909
0.953119
0.268622
0.485037
0.618902
1.37747
0.0812114
0.775078
0.197674
0.395348
0.659508
1.45645
0.298073
1.78353
0.202136
1.22353
0.319491
0.987031
0.328862
0.493962
0.469866
1.38818
0.344479
0.268622
0.841118
0.153499
0.398025
0.438185
0.61444
0.850489
1.5805
0.643444
0.939286
0.655938
0.573835
1.23736
1.35338
0.174917
0.109769
1.5921
1.60638
0.742058
0.110216
0.622918
0.954457
0.3302
1.08788
1.14276
0.542153
0.460496
0.953565
0.665309
0.865214
1.42789
1.24316
1.27529
0.79962
0.514934
0.9317
0.693421
0.326631
1.6153
1.57871
1.62066
0.933931
1.47341
0.871461
0.673341
0.67111
0.298073
0.498424
0.576512
1.4685
0.327077
1.48947
0.462727
1.0147
0.626042
0.146805
1.63985
0.0423906
0.556878
0.672002
1.65993
0.802744
0.887525
0.0316814
0.645229
0.103522
0.239618
1.62869
0.736257
0.210168
0.408288
1.30697
0.331985
1.12
0.237387
1.14678
0.58142
0.733134
0.740273
1.03656
1.59835
0.574727
0.779987
0.976768
0.156622
0.763477
1.40514
0.577851
0.907158
0.207937
0.458711
0.143236
1.25699
1.52204
1.66528
1.00979
1.5033
1.27038
1.10796
0.543938
1.43994
1.41004
0.744289
0.481468
1.56488
1.8103
1.49483
0.543938
1.41361
0.857628
0.446217
0.722871
0.792481
0.44934
0.108877
0.213292
1.03924
1.41361
0.235156
1.44931
1.44976
1.4859
0.678249
0.359651
0.999525
0.394455
1.36453
0.865214
1.45199
1.59433
1.09502
0.171347
1.0553
0.957581
1.41585
0.380623
1.51491
0.418105
1.60147
1.53945
0.984354
1.34981
1.41718
0.506456
0.442201
1.21282
1.22888
1.15972
0.369021
1.44128
1.62735
0.471651
0.40338
1.26413
0.970075
0.157068
1.34936
1.34534
0.308782
0.0450679
0.257467
1.10349
1.13562
0.910728
1.30652
0.50601
0.0651476
0.687174
0.893772
1.10171
1.11554
1.11019
0.883063
1.48992
1.42745
0.327523
0.385085
0.0843349
0.693421
0.586329
0.616671
0.217307
1.05441
0.963828
1.17846
0.562233
1.15302
0.933039
1.61977
1.33508
1.47341
1.30965
1.2204
0.582759
0.685835
1.63226
1.62869
0.846027
1.03968
1.14945
0.771062
0.376607
1.51981
0.689851
1.14722
0.568034
1.8808
1.34534
1.42343
0.380177
1.23691
0.50244
0.966505
1.60415
1.40201
0.619349
1.63538
1.43548
1.29001
0.149036
1.37613
1.18024
0.920545
1.55685
0.616671
1.18783
0.778202
0.766154
1.22843
0.600161
0.551078
0.785787
1.21773
0.311459
1.49884
0.129403
0.73001
0.159746
1.13919
0.693421
1.6162
0.92233
1.68268
0.738489
0.113785
0.732241
1.64029
1.33999
0.360097
1.5747
0.684496
0.830855
0.358758
0.33377
0.493516
0.726887
1.07984
1.4328
1.58496
0.830855
0.0749644
1.20791
1.57693
0.608639
1.27395
1.37836
1.27172
0.517165
0.929915
1.01023
1.01604
1.04861
1.39621
1.34802
0.80676
0.946872
1.38149
0.479237
1.47296
0.862091
1.14053
0.981677
0.758122
0.886186
0.645675
1.46761
0.682711
0.100845
1.11643
1.52294
1.02541
1.41094
1.41272
0.757676
1.3681
0.701453
0.117355
0.654154
0.580974
0.260591
0.471651
1.46582
0.649245
1.12625
1.30429
0.253451
0.908497
1.1026
0.669771
1.49661
0.377499
1.37926
0.261483
0.709931
0.905374
0.233371
1.09189
0.201244
2.03921
0.104861
1.43816
1.31589
0.346264
0.0910282
0.928131
0.248989
0.0200797
0.609086
1.60906
0.0334662
1.02451
1.09903
0.298519
1.27216
1.60995
0.365005
0.689405
0.81613
1.08921
1.08341
1.62289
1.14053
0.590345
0.997294
0.124941
1.64966
1.38595
1.18337
0.678695
0.8728
1.47921
0.986139
1.00354
1.56354
1.35516
1.06333
1.70098
0.311013
1.11911
1.43102
0.92233
0.276208
0.217307
1.64699
0.602839
1.61798
0.470759
1.07851
0.705915
0.365898
0.555093
1.15749
0.892879
0.783556
1.6693
1.45556
1.10171
0.326631
0.0776417
0.427476
0.36679
0.535906
1.17132
0.0356973
0.6015
0.242742
2.29534
1.76122
0.666648
0.184287
0.807652
1.10394
1.4743
0.960258
1.6278
1.48724
0.611317
0.965167
1.58541
1.71838
0.21106
0.165546
1.04325
0.866553
1.28243
1.2619
0.298965
1.2918
0.899126
0.814792
0.894664
0.416766
0.732241
1.12982
0.0647014
1.21192
0.448894
0.975876
0.62158
1.07761
0.0218646
0.0611317
0.537691
0.75009
0.1651
0.575619
1.64208
0.718409
1.58362
0.976768
1.846
1.71035
1.2802
0.553309
0.0584544
0.141451
0.711716
1.34222
1.08163
1.51981
1.70812
0.520735
0.259252
0.0870122
1.3855
0.2713
1.20345
0.813007
1.61932
0.869676
1.14098
1.59165
1.64475
1.54436
0.364113
0.55554
0.25479
0.425244
0.381961
1.02094
0.0901358
0.434615
1.06646
0.112893
1.51446
1.58808
0.625596
0.641659
0.252559
0.262822
1.44351
1.06914
0.143682
0.0406057
1.41495
0.556878
1.30518
1.26369
0.268176
0.955796
0.113339
1.11019
1.315
1.23156
1.08565
1.4038
1.0727
0.701453
1.65546
1.49393
0.374822
0.369467
1.32125
1.76479
0.759014
0.219092
0.0593468
0.658616
1.09903
0.891541
0.311905
1.1856
1.69518
0.467189
0.237833
0.888417
0.83264
0.483699
0.781325
1.51714
0.680927
0.275762
0.240957
0.800066
0.819254
1.65056
1.36899
0.816576
0.972752
0.353404
1.19497
0.238726
0.501101
1.39443
0.88217
0.374376
1.0089
1.4212
1.14231
1.60459
1.27796
1.13607
1.21237
1.49661
0.762138
0.914744
0.415428
1.1209
0.763477
1.14722
1.02942
0.360989
1.68491
0.0276654
1.47608
0.582759
1.56979
0.0477452
0.340017
0.58142
1.31857
1.49438
1.11867
0.597484
1.20702
0.973645
1.60504
1.44574
1.47965
1.16329
1.10082
0.544384
0.517611
1.71927
0.451125
1.3681
0.788911
0.322168
0.633181
1.35516
1.6452
0.569372
0.864768
0.0673787
1.10885
0.876816
0.489053
0.202582
1.65011
0.225786
0.240065
1.0495
0.810329
1.65056
1.37122
0.365898
1.43236
0.292272
1.14365
0.612655
1.56399
0.232479
1.34445
1.19497
1.27886
1.42477
1.13428
1.12804
1.4569
1.43637
0.569372
1.34177
1.37033
0.685389
0.215523
1.4386
0.13208
1.0196
0.0481914
1.07583
1.23245
1.40112
0.348495
0.681373
0.7666
1.62691
0.98837
1.16016
1.01247
1.58808
0.158407
0.900465
0.0883509
1.42477
1.42789
1.49616
0.653707
0.141451
0.191427
0.426583
0.29718
0.0116016
1.58541
0.676018
0.747859
0.72421
0.49887
1.5573
0.99774
0.75366
0.605516
1.40469
0.716624
0.221323
0.551078
1.55462
0.577404
0.762138
0.542599
0.714839
1.48813
0.641213
0.802744
1.22754
1.54257
0.490838
0.669771
1.51491
1.59567
1.64743
0.774186
1.49527
0.271746
1.0263
1.24004
0.662632
0.161977
0.503332
1.37792
1.46448
0.280224
0.781325
0.0950441
0.40338
0.995509
1.42031
1.37301
1.17043
0.697883
0.784003
0.208829
0.940178
0.596592
0.788019
0.758122
1.54257
0.633628
0.563572
1.01425
0.0361435
1.6809
1.34267
0.164208
0.222662
1.57157
1.10394
0.410966
0.154837
0.468527
0.865214
0.41275
1.46404
1.5515
0.260591
0.153499
1.08475
1.19541
0.569372
1.33597
0.564464
0.850935
0.401149
0.375268
0.0303427
1.60281
0.784895
0.617564
0.358312
1.68938
1.00666
0.586329
0.250328
0.389993
1.79691
1.00176
0.201244
0.991493
1.13161
1.03344
1.44128
0.72421
0.975876
0.906712
0.769724
0.618456
0.0200797
0.997294
1.17043
1.61397
0.616671
0.151714
1.38015
1.03076
1.47207
0.697437
1.40915
1.37078
1.34624
0.185626
1.56845
0.224893
0.0459603
0.420782
0.310121
0.302981
1.48322
0.100399
0.338678
0.414981
0.777756
1.45244
0.640321
0.483253
0.825055
0.589452
0.95892
0.742951
1.13741
0.886186
0.570265
1.1731
0.79605
0.74072
1.091
0.447555
0.0995063
0.904035
1.23914
1.24405
1.48501
1.76479
0.154391
0.75366
0.131188
0.20526
0.514488
0.523858
0.966505
0.363667
0.923222
0.93884
1.49081
0.958027
0.282009
0.717516
0.450679
0.104861
1.24093
1.18783
1.67153
0.867445
0.207045
1.46493
0.138773
0.336894
0.404272
0.760799
1.59924
0.922776
1.56667
1.04772
1.24673
0.608193
1.44976
1.59389
1.90133
0.375268
0.494408
0.835764
1.17221
0.968736
0.251666
0.533675
0.130741
0.280224
1.1142
1.56265
1.08788
1.37033
0.843349
0.0196335
1.21728
1.07895
0.365451
0.103968
0.486376
0.964274
1.60727
0.464065
1.21817
0.166439
0.63809
0.626042
1.51267
1.18872
1.14142
0.985693
0.46942
0.912959
1.5506
0.693867
0.563572
0.358758
0.227124
0.556432
1.52918
0.0754106
1.00533
1.37702
1.33954
1.16016
0.709038
0.793819
1.04147
2.00262
0.203921
0.904481
1.24093
1.48769
0.0767493
1.79201
1.27038
1.06557
0.99194
0.854951
0.296288
1.42254
0.147251
1.27663
0.174024
0.402487
1.39889
0.513595
1.09055
1.57291
0.371698
0.0151714
0.561341
1.48322
1.03522
0.425244
0.726887
1.3623
1.13205
1.60906
0.733134
0.150375
0.204367
0.0919206
1.62601
0.218646
0.596145
1.33106
0.95535
0.252112
1.26502
1.45422
0.108877
0.443539
0.924115
0.727779
0.431938
1.29849
0.173132
0.747413
1.39487
1.13071
0.891987
0.983908
0.33377
0.360989
0.789803
1.44887
0.385531
1.54748
0.360989
1.29894
2.00351
0.731795
0.133419
1.03567
1.00131
0.63809
0.41632
1.21951
0.0383746
1.45779
0.925453
1.53231
1.12268
0.960258
0.960258
1.09635
0.916975
0.767046
0.702345
1.41986
1.67644
1.37702
1.10974
1.62244
0.297626
0.777309
1.52472
0.421675
1.14276
0.565356
0.487715
1.39264
1.50955
1.18649
1.32571
1.49438
1.26859
1.37167
0.86566
0.375714
1.75631
0.374822
0.57205
1.48233
0.147251
1.47118
0.273531
1.46805
0.0334662
1.39175
0.821931
1.32883
0.459603
0.870122
1.72909
0.921437
0.129849
0.263714
0.773293
1.26012
0.580082
0.431491
1.16016
1.5033
1.15972
1.06423
1.35962
0.0615779
0.884848
1.84689
1.06378
1.55819
1.05709
0.329308
0.472097
1.51223
0.0464065
1.16641
1.2271
1.49616
0.255236
0.338232
1.38327
0.372145
1.12045
0.306105
1.68491
0.692082
1.49215
1.24584
1.31946
0.591237
1.32928
1.33285
1.02541
0.900465
0.104415
0.352957
0.949549
0.658616
0.514042
1.5033
1.42477
0.891987
0.290041
0.533675
1.09412
1.21416
0.196335
0.740273
0.515826
0.805421
1.20077
2.22305
0.665309
0.501101
0.954457
0.402934
0.53903
0.483253
0.20526
0.679588
0.402487
0.824162
0.116463
1.37479
0.149483
1.58496
0.194104
1.2619
0.986139
1.02273
0.120032
1.35471
0.479237
0.791588
0.267284
1.66439
0.418105
1.25387
0.460942
1.38773
0.204367
1.61664
0.215523
1.1682
1.6162
0.891987
1.03879
0.358758
1.62066
0.261929
1.25075
0.311905
1.42789
1.3092
0.778202
0.850043
0.750536
0.47299
0.479237
0.90225
1.40112
0.663524
1.06958
1.59969
0.220431
0.474328
1.008
1.63181
0.785341
0.711269
0.24765
1.24628
0.0950441
1.27841
1.5332
0.317706
1.31589
0.921884
0.754552
0.180272
0.636305
0.954011
1.40915
0.125833
1.19497
1.30697
0.307443
0.0611317
1.25253
0.197674
1.50777
0.593914
0.240065
1.44128
0.570711
1.12982
0.649691
0.995063
0.657723
0.245419
0.287364
1.5747
1.48724
0.863875
0.708592
1.32125
1.30608
0.254343
1.2204
1.31366
1.51134
1.7398
0.662632
1.00399
0.331539
0.0776417
0.771509
0.0615779
1.38059
1.32214
1.13384
0.405165
0.83264
1.06066
1.14678
1.09457
0.076303
0.291826
0.521181
1.47698
0.0544384
1.59121
1.33999
0.296734
0.721978
1.47832
1.16418
1.21594
0.298073
0.14859
0.010263
0.920545
1.14544
0.321276
1.46091
0.851381
0.950888
1.62244
0.821485
1.06512
1.07806
0.204813
1.18694
0.278439
0.247204
0.234264
0.984354
0.425244
0.262375
0.875031
1.68938
1.16686
0.444878
0.61444
1.08431
0.900911
0.536799
0.151267
1.02496
0.0517611
1.31946
0.661293
1.3324
0.9848
0.481468
0.25122
0.474774
0.743397
0.508241
1.39532
1.52338
1.22888
1.66171
0.70413
0.401149
1.13161
0.216415
1.34936
0.980784
1.43771
0.252112
1.03835
0.331539
1.3449
0.622026
0.611317
0.0200797
1.10305
0.841118
0.989708
1.39175
0.547062
1.20523
0.711716
0.396687
1.32616
1.61397
1.16686
1.10216
1.54793
0.881724
1.68358
1.03478
0.337786
1.35918
0.78668
1.49527
1.00533
1.29849
0.555986
0.315029
0.750983
0.997294
0.888864
1.34177
1.29358
1.29671
0.862983
1.6278
1.49884
1.30028
1.44262
0.232033
1.5158
1.63806
1.1084
0.113785
1.62824
0.476559
1.54212
1.08565
1.13071
0.862091
0.589898
1.57068
1.21103
1.10617
0.0829963
1.22754
0.450233
1.54926
1.28243
0.503332
1.28555
0.379284
0.99194
0.28067
0.0901358
0.784895
0.261483
1.51669
1.10349
0.0709484
1.34222
1.02317
1.12447
0.440862
0.530998
0.454695
0.262822
1.40826
0.514488
1.52517
0.124048
1.22397
0.908943
0.600608
0.399364
0.0232033
0.19812
0.229355
0.17224
1.04325
0.441754
0.0339125
0.413643
0.171347
0.611763
0.489053
1.03924
0.19812
1.50197
0.664417
1.57827
1.09992
0.418551
0.404718
1.39844
0.728672
1.68358
0.153945
0.695652
1.56354
0.596592
0.911621
1.52606
0.518504
0.107538
0.735365
0.748751
0.277547
1.57425
0.864768
1.22486
0.0954904
0.646122
1.07851
1.96558
1.48813
1.44396
0.589898
1.27484
0.417659
0.558217
0.824608
1.26726
1.08788
0.744736
1.28466
0.0281116
0.149483
1.07494
0.575619
1.38372
1.47385
1.2146
0.742951
0.298073
1.63761
1.64565
1.539
1.64877
0.813007
1.25699
0.54483
1.16106
1.66126
1.47341
0.178933
0.167777
1.3922
0.426583
0.210168
0.239618
0.596145
1.40647
1.27573
0.749198
0.949549
0.0736257
1.08252
0.744736
1.17221
0.305658
1.63226
1.05039
0.697883
0.0932593
0.755891
1.25342
1.19943
0.215523
1.59835
1.33017
1.60192
0.872353
0.0727333
0.321722
1.37256
0.672448
0.709038
1.2918
1.61352
0.806313
0.77017
1.60816
0.0776417
0.771509
0.774186
0.792034
1.08743
1.24941
0.893326
1.01604
1.58942
1.28867
0.754999
1.62378
1.4569
1.60638
0.973198
0.0981677
0.348495
0.86566
0.825501
0.91519
1.32928
0.764369
1.05575
1.2088
0.690743
1.48769
1.33374
1.34579
1.24584
0.225786
1.53499
0.558663
1.18426
1.38104
0.325738
1.16864
1.18158
1.10483
0.930362
1.16686
0.269069
0.984354
0.123602
0.482806
1.63985
0.329308
1.46002
1.67376
0.904481
0.842457
0.824608
0.232925
0.908943
0.407842
0.65103
0.229802
0.745182
1.26726
1.68536
1.61441
1.20389
0.76303
1.70321
1.28421
1.64029
0.391332
0.950888
0.0120478
1.33374
0.678695
0.752767
0.455141
1.35605
1.38327
1.45244
1.04504
0.295395
0.0923668
0.837995
0.18161
0.0937055
1.30429
0.216861
1.14633
0.366344
0.767046
1.57648
1.20657
0.206152
1.19943
0.0812114
1.63583
0.537245
1.25699
0.479683
1.46895
1.61397
0.371252
0.553309
1.203
0.919206
1.26413
1.07583
0.883063
1.47787
1.97629
0.726441
0.364559
1.01023
0.216861
0.617564
1.25075
0.471651
1.17801
0.533675
0.596145
1.1142
0.0829963
1.33597
0.521627
0.465404
0.715285
0.501101
0.223108
0.722425
0.713947
1.40603
0.0481914
0.785341
0.291379
1.54659
1.44083
1.51714
0.396687
1.34445
1.12402
1.06869
1.31009
0.795158
1.62646
1.25699
0.926346
1.39443
1.55462
1.2619
0.0990601
0.689851
0.78668
0.941071
1.41361
1.12045
0.822823
0.290933
1.20478
1.36096
0.204367
0.828624
0.134311
1.04593
0.706361
1.37167
0.428368
1.12402
0.0209722
1.22442
1.15258
0.319045
0.903142
0.392224
1.54302
0.0892433
0.444878
1.55908
0.350726
1.46359
1.08431
0.756783
1.5622
1.07806
0.998187
0.314583
1.43816
0.372591
0.612209
1.4453
0.36679
1.32437
0.865214
0.429707
0.0441754
0.332431
0.542153
0.700114
0.0821039
1.23736
0.260144
1.05843
0.191873
1.32169
0.171793
1.00042
1.43637
0.576066
0.0995063
0.837102
1.1026
0.721978
1.09546
1.6336
1.03567
1.174
1.16552
1.5564
1.18515
0.313244
1.20925
0.729118
0.464511
0.712162
1.04504
0.377499
0.0923668
1.11822
0.161084
1.16552
1.62467
1.43236
0.521627
1.01023
0.229802
0.265499
0.0709484
1.44083
1.59746
1.58139
1.49795
1.01202
1.61352
0.737596
0.973645
0.392224
1.00042
1.62244
0.98123
1.78353
0.842457
1.35382
1.65903
0.840672
1.27038
0.0147251
0.164208
0.319937
1.52428
1.04459
0.652369
1.34579
1.16329
1.57113
0.987031
1.23691
1.15882
1.47296
0.125833
0.741612
1.59076
1.44708
1.00622
1.19184
0.362774
0.0919206
1.29894
1.4453
0.814345
0.358758
1.38907
0.279332
0.369467
0.359204
0.88574
0.360989
1.60192
0.938394
0.567588
0.980338
0.118247
0.630504
1.44663
1.2561
0.245865
1.5216
0.489946
1.03433
0.690743
0.670664
0.109323
1.58273
1.46047
1.11554
1.3449
1.07181
0.468081
0.182503
1.46805
0.837102
1.3324
1.43146
0.694759
0.609978
0.843796
1.3391
1.24628
0.331539
0.796943
1.5332
0.459157
1.00309
0.207937
0.135204
0.786234
0.303427
0.741166
0.762138
1.49483
0.659954
0.037036
0.323061
0.480575
1.32348
0.861644
0.623811
0.34671
0.454249
0.963828
1.18069
0.388208
0.260591
0.919652
0.803636
1.43548
0.0316814
0.365451
0.0696098
1.33553
1.23736
1.07627
0.122263
1.22933
0.642998
1.34133
1.58541
1.12536
0.518057
1.42789
0.615333
0.0870122
1.01693
1.30295
1.55685
1.51357
0.227124
0.584098
1.1267
1.15124
1.56979
0.566695
0.348049
0.875477
1.1209
0.764815
0.84558
1.18917
0.841118
0.520289
0.801851
0.426583
1.69607
0.121817
1.20612
0.771955
0.219092
0.149929
0.282901
0.308782
1.34356
1.11063
1.59879
1.17355
0.883955
1.37122
0.0647014
0.757676
1.33062
0.7666
0.947318
1.12179
1.10929
0.799174
1.13919
0.323953
0.426137
0.0771955
1.2262
1.05575
1.27439
0.0290041
1.59612
0.451571
0.586775
1.41361
1.1499
0.096829
0.709484
1.24985
0.318152
1.2088
0.366344
1.46002
1.04816
0.51895
1.34133
0.842457
0.302089
0.600161
0.315475
0.685389
1.18694
0.598823
0.166439
0.908497
1.08163
0.755445
0.204813
0.0365898
1.37792
0.995063
0.764369
1.43191
0.74652
1.60459
1.39487
1.2735
1.72775
0.504225
1.59299
1.58095
0.367682
0.19812
0.290041
1.19363
1.58853
0.459603
0.177594
0.706807
1.04147
0.549739
0.780879
1.06646
0.610871
1.34891
0.853166
0.104415
1.34088
1.03835
0.921437
0.582313
