100
3.26052
3.01287
1.7822
2.94549
3.53137
1.5457
3.4988
1.10082
2.53274
1.73356
0.996406
2.64206
0.0187412
1.64387
0.829967
1.04504
3.11594
1.32215
0.984804
3.47827
1.42031
1.22755
2.48499
0.503335
3.24222
3.77635
1.52473
2.75005
2.20343
2.85491
2.10928
2.21503
3.36761
0.425246
0.317708
3.55681
0.649694
0.223109
0.841568
1.9299
2.12355
1.86073
3.47872
1.04192
0.664866
0.947768
2.63804
2.2949
2.50463
0.203029
3.01867
2.65634
1.72151
2.92095
1.33821
1.22264
1.09859
1.6577
2.22485
1.23379
3.53316
0.535016
1.75944
3.48675
0.977219
2.22574
2.29936
3.04053
0.383302
1.9763
1.91562
1.82905
2.46714
2.29624
1.90535
1.37168
3.27748
3.19849
1.18828
1.39845
0.780883
0.0263269
2.35603
0.253898
2.70453
2.62555
0.870126
0.330202
0.774189
1.98076
3.01198
2.18156
1.92543
3.52959
3.41045
1.30831
3.24356
0.905824
0.450681
2.46982